-,-,-
78, -128, 976
102, -149, 1033
130, -165, 1092
219, -300, 1067
289, -383, 1088
381, -532, 1139
430, -629, 1255
424, -590, 1216
341, -455, 1043
216, -282, 978
54, -45, 921
54, -45, 921
-149, 218, 879
-,-,-
73, -362, 1180
107, -398, 1307
225, -411, 1280
337, -459, 1174
365, -507, 1097
287, -371, 1082
189, -245, 989
79, -81, 935
-84, 167, 844
-84, 167, 844
-294, 439, 775
-527, 620, 776
-778, 647, 789
-,-,-
56, -325, 1130
107, -419, 1348
234, -598, 1352
284, -712, 1367
284, -712, 1367
263, -648, 1224
221, -520, 1100
153, -319, 983
24, -113, 838
-184, 161, 804
-380, 461, 697
-566, 637, 587
-803, 686, 616
-,-,-
0, -553, 1190
85, -595, 1366
162, -728, 1428
234, -680, 1318
204, -553, 1177
92, -260, 1001
92, -260, 1001
-66, -8, 817
-261, 309, 731
-483, 607, 692
-675, 752, 661
-818, 672, 666
-,-,-
106, -397, 1173
203, -491, 1349
289, -675, 1371
281, -713, 1401
218, -671, 1361
218, -671, 1361
170, -583, 1187
64, -433, 1030
-138, -160, 956
-386, 142, 792
-628, 490, 744
-847, 723, 763
-964, 791, 686
-,-,-
114, -355, 1096
129, -368, 1123
152, -386, 1211
201, -508, 1232
190, -569, 1347
220, -696, 1359
207, -815, 1405
156, -764, 1311
53, -493, 1064
-90, -178, 770
-272, 194, 571
-534, 479, 622
-534, 479, 622
-888, 626, 834
-,-,-
110, -418, 1189
87, -476, 1255
172, -548, 1207
212, -621, 1234
208, -658, 1343
203, -686, 1334
203, -686, 1334
173, -636, 1219
84, -457, 1026
-18, -169, 831
-117, 63, 701
-306, 242, 654
-618, 426, 746
-914, 628, 912
-,-,-
166, -546, 1329
237, -624, 1287
252, -703, 1334
298, -730, 1335
306, -733, 1294
276, -715, 1214
201, -529, 1163
56, -304, 1090
-91, -109, 877
-91, -109, 877
-272, 115, 712
-502, 297, 721
-785, 503, 884
-,-,-
238, -707, 1336
226, -751, 1410
226, -751, 1410
191, -764, 1322
152, -703, 1295
73, -679, 1255
-13, -557, 1201
-114, -342, 1034
-217, -79, 854
-368, 205, 785
-559, 497, 796
-701, 673, 734
-787, 684, 720
-787, 684, 720
-,-,-
209, -549, 1181
199, -583, 1235
176, -633, 1228
223, -620, 1240
264, -678, 1249
241, -767, 1208
96, -623, 1192
-79, -368, 1167
-223, -88, 997
-381, 308, 816
-381, 308, 816
-571, 679, 776
-757, 719, 772
-,-,-
207, -729, 1251
212, -734, 1316
229, -802, 1263
229, -802, 1263
291, -796, 1256
367, -783, 1180
356, -760, 1102
278, -645, 1005
152, -419, 880
13, -121, 763
-144, 129, 744
-294, 332, 753
-479, 485, 809
-479, 485, 809
-656, 607, 864
-851, 729, 934
-989, 863, 969
-,-,-
389, -820, 1172
378, -803, 1302
387, -810, 1267
332, -796, 1223
251, -715, 1150
136, -577, 1121
38, -424, 980
38, -424, 980
-111, -135, 860
-261, 180, 713
-462, 480, 679
-754, 767, 807
-993, 903, 848
-1074, 951, 787
-1026, 922, 795
-,-,-
391, -654, 1072
304, -654, 1297
322, -749, 1249
327, -708, 1246
285, -676, 1194
179, -545, 1207
58, -376, 1100
58, -376, 1100
-77, -256, 902
-298, 35, 853
-535, 356, 834
-728, 584, 862
-944, 757, 870
-1066, 891, 855
-1032, 863, 790
-,-,-
280, -710, 1197
252, -676, 1342
295, -664, 1278
305, -647, 1180
244, -550, 1092
244, -550, 1007
161, -335, 1007
87, -165, 888
-2, -91, 773
-147, 42, 798
-347, 226, 878
-517, 424, 859
-657, 587, 789
-657, 587, 789
-813, 725, 795
-,-,-
376, -680, 1214
361, -651, 1231
329, -597, 1155
329, -597, 1155
278, -648, 1075
113, -578, 1157
78, -500, 1168
-50, -377, 1058
-136, -117, 945
-245, 104, 836
-432, 409, 912
-616, 614, 895
-727, 609, 810
-820, 599, 927
-,-,-
238, -735, 1156
238, -735, 1156
214, -706, 1205
153, -676, 1134
84, -673, 1043
-7, -554, 1064
-49, -446, 1020
-72, -244, 982
-97, -44, 895
-146, 104, 847
-263, 278, 959
-263, 278, 959
-,-,-
251, -854, 1227
318, -883, 1113
352, -848, 1138
310, -836, 1205
239, -824, 1245
139, -692, 1184
-15, -505, 1089
-191, -237, 977
-363, 81, 871
-363, 81, 871
-546, 410, 841
-790, 654, 874
-1016, 835, 880
-1104, 984, 806
-,-,-
145, -575, 1221
145, -575, 1221
218, -730, 1121
259, -860, 1160
246, -730, 1261
227, -598, 1100
167, -368, 887
39, -123, 779
-149, 89, 813
-376, 281, 932
-575, 485, 936
-575, 485, 936
-730, 654, 893
-,-,-
224, -848, 1279
224, -848, 1279
265, -850, 1210
286, -862, 1120
221, -762, 1156
142, -618, 1059
67, -482, 927
-94, -295, 868
-282, -41, 856
-443, 224, 850
-573, 469, 894
-573, 469, 894
-677, 574, 924
-,-,-
242, -788, 1285
257, -750, 1173
240, -777, 1116
161, -752, 1133
43, -608, 1135
-35, -433, 1024
-141, -213, 915
-268, -25, 950
-435, 159, 1003
-596, 424, 979
-717, 685, 912
-717, 685, 912
-798, 874, 845
-834, 965, 838
-,-,-
268, -867, 1041
249, -850, 1083
173, -780, 1115
91, -741, 1108
-19, -628, 1082
-196, -314, 1061
-350, -24, 945
-527, 266, 874
-527, 266, 874
-786, 617, 872
-1060, 934, 886
-1181, 1169, 809
-1144, 1199, 703
-,-,-
-183, -199, 950
-279, 36, 930
-393, 166, 980
-480, 373, 1021
-495, 516, 884
-495, 516, 884
-480, 493, 811
-499, 450, 940
-544, 511, 955
-606, 621, 908
-674, 678, 893
-706, 696, 867
-,-,-
245, -667, 1040
254, -760, 996
218, -771, 1094
160, -682, 1108
87, -574, 1041
0, -404, 947
0, -404, 947
-149, -161, 938
-365, 120, 932
-609, 396, 938
-841, 698, 951
-1007, 954, 872
-,-,-
325, -787, 1119
328, -755, 1114
303, -771, 1106
131, -700, 1152
17, -527, 1123
-70, -342, 968
-70, -342, 968
-189, -117, 914
-372, 99, 956
-592, 251, 980
-788, 487, 894
-990, 710, 853
-1155, 904, 907
-,-,-
315, -786, 1217
365, -835, 1135
339, -835, 1160
267, -849, 1227
123, -747, 1173
-25, -508, 1064
-166, -241, 950
-341, 57, 908
-341, 57, 908
-523, 340, 917
-697, 508, 943
-769, 637, 901
-,-,-
171, -856, 1384
108, -762, 1370
60, -676, 1247
42, -637, 1109
42, -637, 1109
-16, -497, 1030
-98, -334, 962
-184, -138, 906
-294, 87, 869
-445, 315, 853
-583, 520, 810
-723, 714, 807
-,-,-
413, -1034, 1486
347, -972, 1519
310, -945, 1273
275, -800, 1134
236, -704, 1007
135, -571, 1008
135, -571, 1008
16, -419, 928
-76, -249, 796
-173, -19, 752
-300, 190, 793
-486, 366, 854
-720, 505, 983
-,-,-
282, -863, 1230
228, -771, 1306
191, -677, 1289
251, -792, 980
186, -747, 1024
111, -550, 1078
58, -410, 979
58, -410, 979
-23, -216, 893
-175, -81, 852
-364, 90, 962
-542, 322, 1019
-688, 585, 937
-824, 837, 778
-985, 1064, 751
-,-,-
379, -778, 1147
388, -812, 1192
356, -861, 1085
338, -828, 1026
258, -692, 1003
165, -557, 1004
17, -413, 1005
-136, -145, 944
-285, 122, 880
-285, 122, 880
-452, 368, 899
-,-,-
487, -874, 1175
436, -817, 1232
384, -808, 1165
384, -808, 1165
290, -780, 1142
216, -730, 1035
74, -630, 941
-141, -357, 950
-329, -120, 956
-489, 137, 918
-662, 425, 922
-894, 656, 995
-1075, 836, 988
-,-,-
201, -780, 1213
176, -740, 1295
250, -764, 1284
267, -789, 1175
201, -735, 1066
47, -501, 1040
47, -501, 1040
-110, -286, 982
-236, -75, 883
-324, 152, 792
-445, 318, 756
-705, 486, 849
-982, 716, 957
-,-,-
340, -903, 1249
260, -807, 1276
229, -726, 1150
185, -645, 1099
114, -556, 1085
-19, -489, 1029
-19, -489, 1029
-185, -300, 979
-344, -31, 915
-468, 259, 818
-549, 478, 767
-702, 601, 855
-,-,-
439, -805, 1114
515, -829, 1180
461, -745, 1336
424, -808, 1299
360, -778, 1244
319, -756, 1116
242, -676, 1091
130, -541, 1081
0, -400, 1019
-128, -209, 948
-128, -209, 948
-274, 40, 923
-432, 130, 887
-689, 293, 977
-,-,-
534, -990, 1300
501, -1048, 1393
466, -1111, 1270
418, -1056, 1217
280, -914, 1202
98, -726, 1149
-93, -476, 1025
-258, -151, 942
-411, 199, 892
-411, 199, 892
-562, 433, 896
-692, 596, 958
-776, 690, 958
-816, 754, 945
-,-,-
358, -742, 1165
347, -749, 1229
359, -800, 1224
361, -771, 1212
273, -794, 1143
71, -652, 1096
-125, -314, 1036
-246, -36, 899
-246, -36, 899
-379, 240, 856
-530, 461, 857
-679, 569, 789
-808, 705, 786
-895, 857, 878
-,-,-
338, -627, 1152
311, -640, 1169
293, -666, 1131
293, -666, 1131
304, -638, 1116
247, -603, 1100
182, -554, 1042
64, -452, 967
-114, -203, 1016
-261, -19, 1003
-375, 136, 878
-498, 344, 813
-643, 565, 848
-784, 700, 923
-,-,-
448, -851, 1248
321, -756, 1306
282, -808, 1246
236, -765, 1256
165, -692, 1250
86, -571, 1162
24, -466, 1047
24, -466, 1047
-102, -310, 990
-251, -109, 945
-398, 118, 944
-586, 316, 918
-789, 584, 833
-958, 833, 857
-,-,-
409, -903, 1242
393, -851, 1275
377, -735, 1273
390, -743, 1146
323, -739, 1111
201, -686, 1096
67, -578, 1088
-52, -408, 1016
-52, -408, 1016
-177, -199, 911
-304, -30, 882
-444, 173, 929
-646, 411, 945
-927, 658, 897
-1149, 941, 883
-1164, 1134, 898
-,-,-
250, -627, 999
179, -724, 1205
202, -882, 1296
200, -978, 1302
183, -973, 1184
149, -774, 1031
149, -774, 1031
98, -558, 878
-80, -285, 889
-305, -16, 979
-482, 305, 921
-664, 650, 893
-867, 898, 989
-1057, 1081, 1112
-,-,-
249, -796, 1113
296, -831, 1064
267, -808, 1080
183, -777, 1082
109, -796, 1021
109, -796, 1021
-37, -573, 998
-206, -188, 988
-353, 113, 915
-547, 380, 930
-790, 700, 1014
-944, 919, 1036
-1017, 1090, 1083
-952, 998, 990
-,-,-
316, -764, 1127
384, -911, 1049
402, -883, 1201
395, -900, 1242
328, -904, 1100
165, -784, 1006
-52, -458, 1002
-233, -129, 932
-396, 180, 881
-588, 489, 894
-799, 748, 935
-799, 748, 935
-969, 902, 973
-1031, 1036, 973
-,-,-
236, -560, 1131
302, -639, 1075
344, -705, 1084
335, -696, 1112
263, -667, 1028
125, -510, 969
-52, -263, 966
-217, -22, 918
-217, -22, 918
-420, 259, 918
-636, 551, 996
-813, 739, 899
-,-,-
296, -731, 1155
285, -738, 1172
258, -794, 1107
258, -794, 1107
181, -762, 1103
41, -620, 1106
-112, -405, 1040
-258, -140, 969
-408, 124, 963
-536, 343, 945
-667, 540, 948
-783, 695, 971
-,-,-
444, -764, 1043
454, -729, 1122
371, -724, 1107
371, -724, 1107
333, -700, 1061
320, -682, 959
232, -537, 924
75, -371, 936
-92, -146, 914
-284, 129, 900
-463, 360, 940
-654, 558, 944
-654, 558, 944
-825, 745, 949
-944, 859, 1000
-,-,-
321, -658, 1085
321, -658, 1085
392, -621, 1139
450, -701, 1080
449, -766, 1056
406, -733, 1090
311, -638, 1054
119, -457, 1032
-80, -208, 1003
-262, 36, 997
-439, 284, 983
-605, 542, 971
-789, 698, 972
-789, 698, 972
-,-,-
496, -859, 1170
531, -921, 1148
454, -746, 1209
430, -724, 1116
384, -806, 990
227, -733, 1020
25, -518, 1038
-147, -269, 974
-289, -16, 907
-426, 263, 902
-426, 263, 902
-643, 507, 956
-955, 682, 1004
-1162, 877, 1014
-,-,-
310, -744, 1086
284, -717, 1076
296, -661, 1045
296, -661, 1045
264, -656, 1004
173, -547, 973
36, -355, 919
-98, -123, 890
-252, 129, 917
-420, 361, 949
-610, 540, 1038
-754, 657, 1083
-804, 756, 1052
-,-,-
323, -784, 970
270, -719, 1065
270, -686, 1024
185, -653, 959
55, -522, 912
55, -522, 912
-92, -259, 942
-215, -39, 931
-377, 194, 971
-647, 463, 1096
-908, 720, 1174
-,-,-
454, -835, 1138
456, -859, 1080
501, -784, 1029
504, -716, 958
446, -699, 943
347, -693, 984
264, -719, 986
96, -591, 1028
-73, -358, 1009
-198, -137, 946
-198, -137, 946
-327, 92, 994
-441, 307, 1091
-566, 473, 1146
-653, 492, 1116
-755, 536, 1104
-,-,-
346, -1097, 1345
292, -899, 1450
281, -766, 1241
281, -766, 1241
305, -728, 1056
282, -640, 963
184, -517, 1013
76, -345, 976
-37, -157, 932
-147, 19, 906
-318, 221, 974
-527, 417, 1036
-527, 417, 1036
-710, 596, 1039
-840, 798, 1026
-,-,-
211, -716, 1096
249, -682, 1038
199, -661, 1018
111, -548, 1030
-7, -371, 1040
-90, -157, 949
-194, 85, 915
-322, 316, 918
-479, 475, 1032
-479, 475, 1032
-643, 616, 1170
-732, 749, 1138
-,-,-
458, -915, 1024
384, -841, 1059
267, -773, 1044
267, -773, 1044
130, -611, 1061
-5, -439, 996
-101, -240, 944
-201, 28, 977
-328, 222, 1032
-485, 304, 1052
-646, 433, 1044
-774, 661, 1053
-866, 856, 1068
-896, 930, 1032
-,-,-
388, -647, 935
360, -637, 973
370, -727, 875
370, -727, 875
322, -696, 923
183, -680, 1006
-10, -451, 1131
-165, -200, 1142
-283, 17, 1096
-428, 249, 1191
-620, 507, 1315
-767, 744, 1297
-794, 946, 1156
-744, 1034, 962
-,-,-
263, -705, 1087
263, -705, 1087
172, -607, 1063
45, -476, 1074
-36, -391, 981
-111, -203, 900
-200, 51, 982
-298, 247, 1005
-387, 426, 987
-499, 589, 1061
-570, 663, 1071
-570, 663, 1071
-589, 688, 1025
-,-,-
332, -755, 1171
303, -775, 1119
299, -834, 1125
233, -748, 1160
141, -609, 1179
76, -497, 1068
-15, -343, 978
-162, -111, 971
-310, 131, 975
-480, 377, 1009
-649, 571, 1030
-790, 747, 1019
-790, 747, 1019
-,-,-
312, -960, 1241
280, -798, 1159
213, -666, 1067
213, -666, 1067
103, -573, 1042
-32, -406, 1089
-133, -240, 1026
-227, -66, 974
-320, 101, 990
-408, 260, 978
-465, 380, 1009
-508, 464, 976
-546, 517, 925
-,-,-
540, -962, 1134
632, -1094, 1228
606, -1172, 1309
536, -1126, 1239
399, -985, 1207
266, -817, 1097
128, -609, 998
-15, -403, 953
-154, -206, 899
-305, -17, 907
-465, 174, 946
-629, 444, 1017
-629, 444, 1017
-707, 642, 965
-778, 775, 905
-,-,-
123, -752, 1300
305, -995, 1265
330, -968, 1404
375, -980, 1378
393, -986, 1179
357, -928, 1140
288, -833, 1113
135, -683, 1058
-36, -452, 977
-187, -124, 899
-187, -124, 899
-325, 151, 832
-549, 372, 892
-838, 619, 990
-,-,-
169, -1016, 1355
134, -972, 1402
174, -977, 1319
242, -1004, 1210
220, -925, 1211
100, -729, 1160
-48, -469, 1112
-179, -189, 985
-286, 124, 887
-424, 371, 868
-625, 554, 892
-820, 745, 934
-,-,-
272, -1097, 1248
228, -928, 1167
158, -827, 1110
100, -690, 1101
11, -653, 1114
-134, -485, 1136
-266, -204, 1048
-406, 82, 976
-537, 321, 900
-683, 521, 897
-819, 746, 871
-819, 746, 871
-864, 1028, 755
-,-,-
43, -921, 1526
50, -841, 1372
54, -750, 1240
54, -750, 1240
-13, -677, 1156
-87, -537, 1081
-116, -370, 948
-139, -195, 845
-204, -25, 809
-276, 126, 830
-361, 258, 846
-465, 387, 840
-582, 563, 902
-582, 563, 902
-681, 682, 922
-792, 793, 887
-883, 913, 846
-897, 944, 794
-,-,-
130, -889, 1345
93, -773, 1278
84, -686, 1197
30, -622, 1081
-62, -459, 1015
-149, -290, 917
-248, -86, 879
-373, 184, 888
-498, 424, 858
-498, 424, 858
-651, 598, 924
-761, 674, 899
-840, 795, 866
-863, 933, 815
-849, 960, 793
-,-,-
211, -1060, 1286
115, -956, 1388
87, -842, 1324
132, -739, 1069
161, -745, 885
70, -588, 1032
-27, -436, 1007
-123, -218, 878
-250, 48, 828
-250, 48, 828
-444, 264, 934
-701, 470, 1072
-945, 695, 1068
-1078, 978, 1022
-,-,-
517, -939, 1035
516, -1064, 1137
468, -1029, 1110
428, -993, 1052
372, -940, 988
265, -867, 990
123, -710, 1068
20, -488, 1052
-49, -278, 960
-202, -59, 976
-513, 141, 1220
-513, 141, 1220
-823, 383, 1286
-990, 720, 1113
-,-,-
418, -972, 1205
399, -897, 1312
333, -905, 1224
333, -905, 1224
244, -870, 1164
160, -781, 1126
62, -668, 1129
-94, -484, 1110
-253, -233, 1047
-398, 73, 972
-558, 338, 979
-714, 533, 958
-873, 713, 804
-1034, 919, 679
-,-,-
368, -949, 1151
356, -941, 1127
273, -859, 1182
248, -807, 1075
210, -763, 984
155, -647, 981
74, -488, 964
74, -488, 964
-45, -335, 916
-191, -112, 957
-401, 170, 1006
-674, 443, 1070
-964, 752, 1054
-1131, 1086, 959
-,-,-
498, -1209, 1306
422, -1012, 1193
330, -890, 988
218, -711, 992
100, -585, 1102
100, -585, 1102
-23, -419, 1063
-145, -186, 901
-280, 84, 832
-427, 233, 869
-619, 383, 1038
-814, 579, 1123
-950, 839, 1071
-993, 1016, 953
-950, 1068, 894
-803, 929, 805
-620, 783, 756
-,-,-
454, -840, 1067
369, -729, 1133
295, -681, 1103
288, -727, 999
207, -674, 963
71, -441, 970
-64, -196, 968
-187, -27, 954
-356, 111, 1072
-559, 271, 1127
-559, 271, 1127
-734, 500, 1013
-911, 747, 1002
-1016, 954, 1020
-994, 1040, 960
-,-,-
483, -922, 1165
455, -816, 1066
447, -720, 1037
436, -665, 990
360, -679, 1002
274, -632, 1031
165, -549, 1039
15, -374, 1009
15, -374, 1009
-137, -122, 949
-293, 123, 930
-517, 380, 963
-774, 622, 981
-977, 829, 970
-,-,-
652, -1110, 1298
649, -1091, 1132
559, -947, 1061
460, -767, 1025
365, -701, 994
248, -609, 974
112, -452, 993
-21, -267, 972
-166, -98, 969
-357, 44, 1063
-357, 44, 1063
-521, 157, 1140
-673, 259, 1058
-867, 437, 1009
-1062, 689, 1077
-,-,-
518, -711, 1020
441, -678, 883
379, -574, 951
261, -518, 953
175, -448, 873
175, -448, 873
44, -256, 889
-104, -76, 940
-237, 88, 966
-381, 248, 980
-575, 439, 1015
-775, 650, 1007
-926, 808, 1066
-,-,-
294, -814, 929
294, -814, 929
152, -660, 994
-8, -464, 972
-116, -246, 898
-225, 10, 893
-389, 188, 999
-599, 388, 1162
-765, 588, 1075
-870, 762, 951
-870, 762, 951
-954, 935, 953
-,-,-
427, -969, 971
427, -969, 971
390, -790, 971
316, -740, 972
198, -594, 963
106, -448, 907
5, -272, 903
-119, -87, 979
-119, -87, 979
-270, 103, 1034
-453, 268, 1077
-662, 475, 1119
-831, 677, 1090
-936, 798, 1131
-,-,-
562, -1176, 1274
479, -962, 1164
397, -887, 937
397, -887, 937
296, -804, 877
144, -673, 923
-4, -493, 951
-110, -348, 923
-242, -126, 955
-403, 83, 1018
-579, 318, 1060
-745, 532, 1041
-745, 532, 1041
-934, 768, 1054
-,-,-
490, -1107, 1219
503, -1148, 1220
467, -1035, 1040
418, -893, 958
378, -832, 862
378, -832, 862
333, -790, 853
206, -620, 862
49, -372, 813
-109, -75, 854
-305, 141, 980
-515, 326, 1175
-744, 484, 1199
-934, 738, 1175
-,-,-
506, -1259, 1224
437, -1126, 1179
388, -1062, 1001
354, -933, 950
274, -861, 990
274, -861, 990
202, -731, 940
97, -527, 896
-32, -280, 890
-165, -64, 874
-342, 195, 952
-597, 414, 1122
-837, 581, 1210
-1018, 821, 1263
-1018, 821, 1227
-1098, 1065, 1227
-945, 1177, 941
-945, 1177, 941
-,-,-
467, -1347, 1367
450, -1264, 1305
373, -1124, 1155
327, -944, 1060
258, -794, 1023
223, -666, 1020
223, -666, 1020
174, -550, 935
64, -326, 909
-73, -77, 888
-243, 130, 954
-399, 274, 1013
-577, 462, 990
-758, 718, 960
-758, 718, 960
-909, 937, 986
-,-,-
510, -1377, 1227
434, -1236, 1173
373, -1121, 1015
322, -1031, 944
261, -928, 979
261, -928, 979
209, -763, 949
155, -605, 851
59, -392, 856
-50, -164, 844
-228, 71, 992
-441, 274, 1112
-639, 494, 1065
-639, 494, 1065
-878, 707, 1154
-,-,-
420, -1068, 1133
444, -1011, 932
444, -1011, 932
343, -950, 1016
244, -803, 1076
172, -602, 905
91, -394, 817
-41, -111, 859
-249, 106, 1006
-481, 292, 1149
-681, 463, 1159
-877, 734, 1150
-1004, 989, 1025
-1065, 1160, 966
-1037, 1206, 945
-,-,-
525, -1114, 1212
561, -1098, 1232
534, -1072, 1099
463, -981, 975
381, -894, 915
381, -894, 915
296, -789, 910
204, -677, 889
116, -477, 830
27, -267, 794
-134, 9, 890
-370, 238, 1115
-629, 492, 1222
-629, 492, 1222
-833, 799, 1205
-962, 1033, 1201
-971, 1084, 1161
-,-,-
565, -1190, 1079
533, -1139, 1124
531, -1122, 1028
432, -967, 954
356, -851, 844
223, -599, 873
223, -599, 873
80, -368, 887
-85, -82, 916
-297, 214, 1018
-569, 449, 1186
-801, 719, 1215
-938, 923, 1138
-981, 1055, 1123
-922, 1053, 1069
-,-,-
471, -943, 985
396, -886, 1002
295, -823, 1011
295, -823, 1011
206, -692, 1000
172, -635, 889
98, -457, 874
-17, -231, 910
-168, -10, 949
-330, 157, 1034
-518, 338, 1084
-774, 592, 1162
-997, 894, 1186
-,-,-
634, -1275, 1062
515, -1100, 1100
376, -975, 1036
291, -859, 1033
291, -859, 1033
199, -692, 1036
106, -485, 1000
-30, -239, 974
-254, 22, 1084
-513, 329, 1202
-725, 656, 1116
-919, 970, 1114
-995, 1136, 1143
-,-,-
350, -836, 1024
284, -719, 989
284, -719, 989
191, -742, 1000
81, -758, 1115
16, -599, 1079
-59, -360, 920
-199, -62, 882
-396, 178, 1022
-628, 391, 1148
-824, 675, 1164
-945, 909, 1108
-981, 1089, 1064
-981, 1089, 1064
-912, 1095, 997
-763, 940, 885
-,-,-
318, -953, 1158
318, -953, 1158
249, -830, 1142
218, -709, 1049
242, -648, 963
174, -572, 954
43, -406, 980
-103, -215, 976
-295, -9, 1020
-516, 220, 1101
-724, 452, 1132
-876, 701, 1082
-966, 909, 1046
-,-,-
603, -1067, 1122
495, -956, 1241
464, -891, 1143
461, -864, 1036
409, -776, 889
256, -589, 915
76, -396, 949
76, -396, 949
-105, -199, 913
-360, 6, 965
-682, 267, 1127
-947, 562, 1193
-1073, 807, 1108
-1048, 1000, 1022
-,-,-
544, -998, 1090
572, -937, 1042
490, -838, 954
490, -838, 954
390, -727, 917
315, -696, 940
184, -592, 1007
26, -402, 1011
-145, -182, 1016
-363, 59, 1055
-627, 333, 1153
-817, 552, 1150
-846, 695, 1051
-,-,-
425, -997, 1250
348, -874, 1158
282, -730, 1161
236, -655, 1103
155, -546, 1038
79, -345, 983
-23, -165, 990
-155, 19, 1004
-329, 187, 1012
-488, 383, 949
-488, 383, 949
-633, 585, 809
-795, 767, 830
-,-,-
587, -1130, 1215
583, -1073, 1102
525, -980, 1022
525, -980, 1022
399, -837, 1010
271, -674, 952
164, -491, 859
48, -245, 838
-77, 15, 841
-243, 252, 916
-473, 412, 1075
-,-,-
670, -921, 1263
651, -886, 1243
651, -886, 1243
578, -831, 1129
535, -790, 939
452, -662, 948
364, -590, 899
267, -536, 816
143, -360, 862
35, -233, 926
-85, -111, 989
-85, -111, 989
-237, 48, 1050
-405, 215, 1122
-557, 358, 1157
-659, 503, 1190
-720, 534, 1224
-,-,-
625, -886, 970
625, -886, 970
704, -1075, 1127
719, -1193, 1239
702, -1190, 1167
644, -1036, 1033
572, -856, 923
472, -677, 850
323, -488, 845
153, -308, 879
-22, -91, 985
-237, 83, 1116
-486, 235, 1137
-486, 235, 1137
-757, 473, 1131
-,-,-
578, -1021, 1023
560, -926, 1091
500, -896, 1033
365, -810, 1059
239, -627, 1101
120, -429, 1052
-9, -214, 1027
-179, -27, 1045
-423, 147, 1153
-423, 147, 1153
-647, 347, 1212
-812, 530, 1108
-919, 727, 996
-,-,-
432, -927, 1236
548, -1068, 1266
600, -1081, 1198
575, -999, 1133
522, -907, 1021
393, -724, 946
228, -495, 906
61, -243, 882
61, -243, 882
-101, -27, 915
-271, 139, 979
-470, 290, 949
-733, 503, 992
-976, 701, 1105
-1099, 805, 1148
-,-,-
621, -1025, 1190
617, -948, 1076
579, -832, 931
470, -695, 910
470, -695, 910
366, -605, 928
263, -499, 910
114, -286, 887
-60, -71, 927
-301, 63, 1092
-587, 242, 1350
-789, 401, 1379
-828, 568, 1096
-871, 750, 1092
-,-,-
552, -967, 1035
524, -882, 1059
539, -827, 1068
475, -854, 1029
392, -727, 1012
284, -614, 971
132, -454, 1050
132, -454, 1050
-19, -272, 1067
-162, -79, 1059
-303, 55, 1132
-396, 153, 1159
-445, 223, 1097
-481, 231, 1002
-,-,-
542, -1243, 1380
494, -1221, 1343
407, -999, 1362
384, -853, 1158
372, -710, 951
269, -515, 942
98, -323, 940
-114, -133, 979
-114, -133, 979
-346, 113, 1016
-584, 400, 1015
-804, 662, 985
-989, 845, 988
-1080, 917, 1019
-,-,-
317, -859, 1181
223, -664, 1137
151, -584, 1047
29, -438, 1034
-89, -204, 993
-222, 32, 940
-413, 279, 954
-693, 499, 1055
-950, 706, 1093
-1038, 885, 1004
-994, 914, 978
-,-,-
264, -775, 1032
233, -770, 1044
140, -663, 1085
11, -514, 1065
11, -514, 1065
-145, -266, 991
-342, 34, 925
-590, 385, 967
-850, 671, 1044
-1003, 883, 998
-1042, 1032, 913
-981, 1056, 841
-,-,-
414, -911, 1095
423, -892, 1085
423, -892, 1085
354, -910, 1090
163, -801, 1087
-39, -526, 1012
-226, -222, 953
-384, 59, 961
-598, 285, 1057
-844, 516, 1124
-1039, 756, 1129
-1147, 945, 1105
-,-,-
470, -1039, 1143
465, -936, 1194
427, -884, 1099
373, -842, 1017
373, -842, 1017
235, -670, 1005
100, -473, 954
-34, -262, 954
-207, -40, 973
-413, 228, 1034
-648, 504, 1064
-835, 750, 1018
-982, 951, 1045
-1045, 1016, 1115
-,-,-
504, -939, 1041
460, -882, 1042
397, -816, 964
397, -816, 964
302, -716, 932
177, -577, 932
51, -405, 923
-68, -240, 944
-168, -105, 1037
-249, 89, 1049
-333, 261, 1056
-484, 446, 1129
-484, 446, 1129
-,-,-
597, -1201, 1383
579, -1095, 1230
511, -991, 1132
400, -819, 999
263, -644, 926
173, -501, 821
77, -298, 817
77, -298, 817
-50, -124, 936
-164, 1, 986
-309, 181, 1042
-503, 356, 1131
-707, 472, 1182
-853, 629, 1148
-929, 772, 1166
-,-,-
704, -1231, 1162
648, -1072, 1192
544, -995, 1091
455, -953, 921
313, -783, 865
313, -783, 865
162, -567, 870
4, -383, 939
-132, -185, 971
-264, 31, 928
-473, 293, 984
-716, 453, 1117
-920, 669, 1084
-920, 669, 1084
-,-,-
559, -966, 1151
579, -933, 1019
520, -824, 989
436, -711, 1007
332, -623, 945
202, -499, 925
45, -360, 983
-93, -197, 1019
-254, 20, 969
-254, 20, 969
-457, 243, 965
-731, 451, 1074
-980, 672, 1182
-,-,-
687, -1046, 1133
598, -1002, 1113
520, -928, 1082
411, -859, 1035
309, -743, 1025
240, -632, 1024
146, -470, 1001
63, -338, 937
63, -338, 937
-73, -188, 941
-245, -14, 983
-433, 132, 990
-652, 308, 995
-886, 553, 1116
-,-,-
790, -1035, 1111
790, -1040, 1238
664, -1013, 1250
570, -938, 1115
476, -829, 963
476, -829, 963
380, -641, 885
286, -480, 852
171, -344, 870
46, -231, 882
-154, -64, 1018
-391, 96, 1129
-636, 319, 1178
-860, 550, 1212
-860, 550, 1212
-1012, 724, 1261
-,-,-
846, -1245, 1127
795, -1271, 1261
761, -1264, 1191
633, -1136, 1042
438, -933, 943
199, -681, 875
-39, -364, 887
-258, -66, 937
-258, -66, 937
-457, 199, 987
-630, 435, 1000
-787, 654, 1056
-921, 764, 1143
-974, 766, 1156
-,-,-
524, -1187, 1409
537, -1061, 1251
507, -928, 1104
478, -841, 965
371, -728, 914
218, -566, 935
126, -448, 912
-15, -309, 879
-173, -130, 903
-326, 61, 974
-326, 61, 974
-498, 231, 1067
-673, 397, 1100
-838, 561, 1068
-981, 739, 1114
-,-,-
626, -1035, 1190
713, -1086, 1180
711, -1029, 1085
634, -934, 985
498, -849, 887
364, -694, 830
247, -542, 839
117, -435, 832
-25, -323, 865
-213, -191, 864
-455, 25, 933
-455, 25, 933
-734, 296, 1022
-1032, 505, 1173
-1259, 663, 1293
-,-,-
489, -930, 1266
594, -989, 1209
641, -1034, 1085
595, -933, 981
531, -801, 957
482, -765, 875
413, -822, 855
280, -718, 964
63, -530, 1077
63, -530, 1077
-125, -289, 1134
-308, 29, 1096
-485, 276, 1018
-737, 490, 1120
-977, 709, 1283
-1054, 895, 1314
-,-,-
803, -1151, 1206
778, -1196, 1146
670, -1081, 1119
569, -947, 1033
461, -866, 937
354, -808, 904
231, -703, 936
67, -480, 949
-102, -245, 970
-290, 6, 1009
-496, 244, 1134
-746, 456, 1208
-746, 456, 1208
-994, 691, 1174
-,-,-
853, -1159, 1046
752, -1112, 1077
665, -1024, 1037
574, -940, 918
466, -825, 843
311, -630, 833
125, -446, 947
125, -446, 947
-48, -246, 983
-198, -12, 932
-372, 190, 986
-619, 376, 1117
-869, 504, 1168
-,-,-
605, -1029, 1130
488, -908, 1092
366, -822, 1031
242, -721, 962
71, -526, 978
-118, -289, 1046
-289, -107, 1056
-495, 74, 1122
-748, 344, 1189
-951, 638, 1141
-1042, 838, 1050
-1042, 939, 1033
-,-,-
722, -979, 972
648, -1024, 1056
541, -932, 1139
483, -818, 1083
453, -755, 934
364, -657, 929
223, -538, 969
33, -360, 1017
-163, -144, 1040
-390, 112, 1045
-661, 344, 1110
-930, 577, 1194
-930, 577, 1194
-,-,-
719, -1031, 1263
651, -993, 1209
587, -949, 1053
489, -883, 1003
349, -781, 996
220, -643, 970
133, -533, 901
-33, -377, 900
-237, -121, 968
-427, 115, 1031
-427, 115, 1031
-590, 352, 983
-792, 593, 1016
-995, 799, 1089
-1126, 941, 1159
-,-,-
530, -1046, 1374
447, -932, 1222
376, -801, 1070
327, -695, 981
224, -607, 986
69, -508, 996
-117, -322, 1039
-274, -87, 1003
-444, 179, 1006
-652, 366, 1012
-856, 591, 1021
-1012, 795, 1019
-,-,-
629, -1045, 1275
533, -932, 1254
488, -837, 1076
391, -734, 920
277, -595, 837
277, -595, 837
98, -414, 919
-86, -247, 958
-281, -36, 952
-499, 227, 959
-731, 473, 1013
-923, 720, 1091
-1023, 869, 1114
-1045, 891, 1100
-,-,-
435, -936, 1213
386, -812, 1054
270, -654, 960
165, -529, 895
6, -339, 943
-157, -140, 991
-337, 57, 979
-337, 57, 979
-574, 303, 1052
-798, 547, 1117
-952, 749, 1075
-1029, 886, 1039
-,-,-
573, -1015, 1310
495, -891, 1312
412, -812, 1135
315, -761, 1026
228, -687, 961
228, -687, 961
101, -501, 976
-38, -326, 930
-190, -138, 905
-362, 86, 950
-523, 242, 1012
-672, 376, 1013
-817, 505, 971
-955, 708, 991
-,-,-
533, -907, 1189
484, -899, 1128
445, -812, 1044
424, -755, 966
366, -725, 932
267, -689, 892
110, -544, 942
110, -544, 942
-13, -371, 985
-154, -166, 987
-332, 49, 1030
-573, 273, 1166
-782, 514, 1179
-920, 766, 1113
-965, 874, 1090
-935, 881, 1080
-820, 761, 971
-662, 621, 850
-,-,-
550, -1042, 1133
506, -974, 1148
496, -937, 1058
456, -856, 993
358, -759, 985
358, -759, 985
255, -693, 955
106, -522, 940
-33, -273, 894
-201, -22, 928
-425, 197, 1044
-671, 399, 1189
-845, 602, 1200
-938, 816, 1178
-920, 863, 1131
-,-,-
506, -1000, 1165
479, -884, 1137
447, -842, 1031
341, -742, 982
232, -664, 970
131, -551, 961
32, -374, 924
32, -374, 924
-49, -209, 893
-150, -32, 939
-313, 165, 1122
-516, 321, 1226
-687, 479, 1222
-837, 592, 1205
-931, 713, 1194
-,-,-
464, -1009, 1177
469, -1027, 1118
495, -948, 992
434, -810, 935
411, -724, 828
366, -669, 782
254, -593, 865
254, -593, 865
113, -425, 910
-22, -237, 931
-194, -9, 1003
-424, 207, 1112
-666, 430, 1203
-844, 660, 1218
-929, 813, 1215
-930, 854, 1177
-837, 811, 1076
-682, 703, 940
-,-,-
375, -804, 1049
355, -682, 941
355, -682, 941
298, -651, 832
197, -561, 839
76, -392, 903
-62, -200, 945
-208, 0, 992
-371, 159, 1075
-371, 159, 1075
-517, 304, 1122
-641, 446, 1107
-751, 577, 1110
-,-,-
448, -968, 1135
396, -809, 1027
396, -809, 1027
283, -713, 902
174, -605, 882
53, -504, 843
-57, -345, 816
-149, -144, 783
-258, 52, 822
-432, 244, 966
-432, 244, 966
-618, 392, 1086
-772, 564, 1118
-891, 755, 1115
-,-,-
523, -948, 1133
491, -895, 977
380, -786, 871
380, -786, 871
235, -621, 927
83, -442, 931
-49, -187, 892
-180, 32, 892
-364, 245, 1016
-604, 421, 1174
-795, 555, 1213
-915, 688, 1188
-915, 688, 1188
-,-,-
558, -994, 1130
558, -994, 1130
591, -1003, 1148
591, -956, 1070
546, -866, 996
413, -772, 965
241, -671, 991
30, -510, 1037
-137, -304, 1013
-317, -58, 1008
-471, 177, 1022
-644, 343, 1109
-811, 492, 1153
-,-,-
446, -1036, 1130
667, -1137, 1201
750, -1180, 1263
750, -1180, 1263
687, -1136, 1271
526, -1017, 1244
359, -857, 1210
199, -669, 1159
53, -441, 1061
-86, -197, 941
-236, 47, 925
-390, 239, 1013
-514, 393, 1051
-642, 530, 994
-799, 694, 937
-921, 822, 871
-921, 822, 871
-959, 922, 832
-,-,-
383, -984, 1159
411, -1049, 1125
409, -951, 1127
372, -885, 983
307, -852, 896
279, -888, 831
207, -792, 948
102, -531, 984
-4, -269, 924
-135, -8, 933
-135, -8, 933
-330, 258, 1065
-569, 467, 1257
-740, 637, 1240
-842, 808, 1116
-893, 993, 1120
-,-,-
399, -1042, 1139
357, -973, 1029
332, -914, 926
266, -769, 954
266, -769, 954
180, -642, 978
85, -544, 978
-50, -297, 958
-234, 69, 950
-492, 343, 1026
-804, 625, 1180
-1025, 933, 1177
-1098, 1177, 1084
-,-,-
485, -1091, 1090
448, -1025, 1085
386, -1002, 956
286, -903, 948
248, -826, 972
171, -714, 955
54, -500, 945
54, -500, 945
-97, -291, 957
-315, -97, 1118
-574, 185, 1352
-771, 518, 1303
-868, 898, 1229
-904, 1112, 1242
-,-,-
449, -1245, 1151
449, -1245, 1151
398, -1165, 1176
373, -1064, 1093
346, -977, 982
251, -874, 961
135, -678, 942
19, -463, 911
-156, -215, 1009
-325, 73, 1050
-546, 425, 1128
-792, 785, 1265
-921, 1029, 1269
-921, 1159, 1201
-859, 1130, 1132
-,-,-
391, -1199, 1355
287, -1182, 1199
235, -1027, 1122
282, -892, 951
283, -820, 851
194, -717, 956
59, -550, 976
-94, -326, 992
-261, -66, 1042
-414, 199, 1068
-608, 468, 1128
-608, 468, 1128
-810, 695, 1217
-959, 947, 1243
-1008, 1174, 1158
-963, 1242, 1074
-,-,-
434, -1472, 1384
368, -1289, 1360
303, -1082, 1182
230, -973, 984
173, -884, 869
173, -884, 869
118, -739, 879
74, -630, 811
-31, -384, 835
-163, -85, 918
-363, 180, 1023
-639, 496, 1136
-938, 850, 1271
-,-,-
419, -1372, 1376
479, -1465, 1310
412, -1315, 1314
343, -1084, 1121
255, -876, 903
152, -661, 992
73, -460, 970
-18, -249, 850
-18, -249, 850
-146, 44, 859
-336, 268, 1006
-559, 418, 1212
-653, 543, 1125
-716, 671, 920
-822, 912, 892
-,-,-
601, -1265, 1146
601, -1265, 1146
571, -1235, 1026
438, -1068, 1018
339, -903, 992
279, -820, 951
169, -745, 998
36, -525, 1015
-62, -222, 930
-172, 48, 928
-369, 275, 1031
-570, 506, 1103
-740, 693, 1102
-740, 693, 1102
-,-,-
498, -1151, 1244
491, -1154, 1163
437, -1100, 1112
370, -991, 1059
287, -822, 1056
194, -682, 1086
68, -594, 1052
-88, -377, 1012
-246, -79, 1042
-418, 168, 1112
-565, 355, 1129
-682, 556, 1061
-850, 812, 1049
-995, 1039, 1052
-,-,-
556, -1212, 1208
550, -1362, 1336
479, -1323, 1388
365, -1157, 1316
313, -994, 1123
259, -831, 965
143, -623, 948
143, -623, 948
2, -374, 1009
-69, -240, 916
-177, -4, 862
-360, 334, 946
-601, 577, 1052
-805, 729, 1128
-935, 924, 1147
-955, 1090, 1130
-,-,-
639, -1433, 1169
562, -1422, 1264
444, -1290, 1280
369, -1095, 1151
298, -931, 947
190, -759, 930
190, -759, 930
53, -549, 975
-51, -296, 951
-148, -22, 915
-278, 258, 943
-486, 529, 1074
-782, 730, 1241
-1008, 935, 1304
-,-,-
460, -1230, 1303
458, -1234, 1340
514, -1229, 1256
497, -1120, 1134
435, -999, 1039
381, -886, 923
332, -758, 853
218, -588, 888
218, -588, 888
55, -402, 915
-100, -168, 950
-268, 62, 1009
-508, 273, 1177
-760, 500, 1247
-929, 784, 1198
-1007, 1057, 1213
-,-,-
506, -1260, 1206
484, -1209, 1257
449, -1124, 1206
456, -1057, 982
397, -970, 888
296, -829, 919
215, -689, 861
130, -504, 814
32, -276, 833
-108, -71, 955
-108, -71, 955
-297, 115, 1120
-490, 342, 1172
-659, 630, 1150
-796, 864, 1148
-869, 1024, 1140
-,-,-
611, -1112, 1152
572, -1148, 1183
480, -1096, 1218
377, -942, 1137
279, -802, 974
225, -629, 864
196, -483, 787
148, -320, 733
22, -157, 789
-196, 96, 970
-196, 96, 970
-468, 337, 1131
-745, 601, 1163
-967, 993, 1113
-,-,-
381, -974, 1079
550, -1143, 1064
548, -1170, 1140
512, -1127, 1121
420, -1046, 993
348, -943, 875
263, -763, 869
164, -602, 884
68, -417, 899
68, -417, 899
-44, -161, 907
-191, 30, 961
-427, 148, 1161
-697, 329, 1364
-833, 621, 1310
-,-,-
469, -994, 993
564, -1132, 1066
541, -1173, 1111
484, -1146, 1105
443, -1093, 974
385, -1002, 918
305, -826, 921
229, -709, 885
121, -529, 910
121, -529, 910
-7, -308, 917
-193, -47, 1014
-451, 156, 1183
-759, 403, 1420
-,-,-
386, -1117, 1163
386, -1117, 1163
380, -1005, 1142
382, -994, 966
350, -981, 895
260, -905, 978
169, -682, 1067
91, -484, 942
-10, -187, 899
-193, 130, 997
-512, 385, 1348
-792, 592, 1436
-792, 592, 1436
-,-,-
312, -1004, 1067
352, -958, 1003
351, -945, 923
351, -945, 923
311, -908, 946
269, -813, 1003
166, -702, 1015
57, -481, 929
-80, -195, 930
-281, 109, 1068
-485, 375, 1177
-657, 632, 1219
-783, 907, 1104
-881, 1098, 1101
-923, 1165, 1128
-850, 1065, 1039
-,-,-
238, -1203, 1344
291, -1075, 1052
312, -926, 927
262, -790, 935
262, -790, 935
145, -734, 898
51, -569, 775
-53, -282, 713
-160, -15, 793
-276, 167, 960
-437, 314, 1077
-626, 498, 1127
-626, 498, 1127
-,-,-
508, -1041, 948
508, -1041, 948
619, -1152, 917
637, -1142, 902
557, -1037, 919
461, -907, 936
323, -784, 982
153, -611, 1029
-22, -378, 1097
-176, -165, 1140
-315, 12, 1165
-461, 226, 1158
-627, 490, 1121
-776, 714, 1057
-,-,-
616, -1076, 1084
515, -955, 1119
478, -877, 1021
403, -798, 943
312, -693, 975
196, -544, 998
196, -544, 998
84, -389, 1025
-58, -207, 1053
-220, -28, 1128
-368, 121, 1202
-520, 338, 1262
-628, 546, 1185
-691, 799, 1057
-,-,-
755, -1544, 1311
696, -1456, 1149
555, -1202, 1064
455, -969, 873
370, -765, 691
301, -606, 662
181, -467, 749
39, -304, 803
-131, -57, 844
-131, -57, 844
-334, 179, 1035
-513, 336, 1207
-698, 498, 1298
-833, 666, 1295
-,-,-
469, -902, 771
469, -902, 771
368, -700, 829
218, -524, 896
62, -300, 956
-87, -31, 1024
-343, 210, 1250
-569, 422, 1404
-702, 653, 1395
-733, 833, 1295
-697, 888, 1190
-697, 888, 1190
-,-,-
546, -1065, 1086
576, -1239, 1186
576, -1149, 1179
567, -1072, 1006
519, -1048, 923
387, -881, 997
251, -698, 999
116, -488, 918
-5, -203, 859
-5, -203, 859
-200, 82, 1003
-467, 270, 1294
-697, 519, 1310
-842, 838, 1185
-947, 1101, 1151
-,-,-
670, -1186, 1284
645, -1067, 1082
604, -980, 966
548, -875, 896
495, -797, 883
422, -761, 861
298, -606, 848
152, -398, 856
152, -398, 856
-1, -133, 878
-165, -6, 914
-406, 98, 1067
-645, 328, 1203
-781, 615, 1104
-883, 871, 1018
-,-,-
497, -1040, 1111
538, -1143, 1052
457, -1050, 1076
409, -948, 1002
357, -869, 942
282, -807, 891
164, -736, 867
66, -542, 935
8, -391, 891
8, -391, 891
-47, -165, 839
-217, 67, 993
-505, 267, 1225
-770, 499, 1294
-950, 871, 1282
-1020, 1159, 1193
-993, 1259, 1119
-,-,-
295, -1219, 1314
199, -1089, 1219
148, -933, 1038
121, -816, 985
100, -691, 970
100, -691, 970
66, -509, 934
7, -328, 875
-86, -120, 979
-167, 80, 1064
-220, 284, 1030
-304, 484, 1064
-453, 649, 1178
-453, 649, 1178
-,-,-
306, -1167, 1133
266, -1194, 1124
228, -1147, 1134
207, -1091, 1097
188, -964, 1014
138, -918, 927
73, -752, 999
73, -623, 934
24, -403, 917
-45, -150, 1006
-118, 40, 1013
-205, 292, 999
-205, 292, 999
-406, 505, 1150
-616, 741, 1304
-,-,-
350, -964, 990
286, -861, 1005
218, -741, 946
218, -741, 946
147, -581, 927
57, -315, 938
-10, -36, 940
-113, 192, 983
-312, 439, 1083
-510, 632, 1127
-697, 854, 1172
-810, 1020, 1197
-856, 1074, 1212
-,-,-
371, -766, 904
306, -748, 934
239, -706, 991
112, -537, 1121
18, -407, 1104
-77, -208, 1094
-191, -23, 1098
-303, 140, 1106
-430, 340, 1086
-430, 340, 1086
-566, 568, 1027
-717, 785, 1014
-857, 964, 1126
-,-,-
597, -910, 968
515, -795, 953
477, -828, 834
381, -709, 874
256, -562, 938
256, -562, 938
94, -373, 1001
-73, -153, 1040
-238, 73, 1089
-412, 301, 1151
-540, 483, 1196
-610, 559, 1172
-676, 620, 1186
-712, 719, 1208
-,-,-
462, -824, 973
446, -689, 994
446, -689, 994
423, -690, 910
343, -662, 901
213, -496, 976
80, -296, 1018
-66, -96, 1047
-254, 128, 1124
-440, 356, 1139
-601, 574, 1133
-706, 752, 1109
-706, 752, 1109
-787, 868, 1167
-,-,-
458, -844, 946
418, -838, 920
371, -748, 942
316, -653, 916
219, -576, 933
219, -576, 933
104, -452, 921
-48, -231, 998
-216, -71, 1097
-366, 144, 1125
-502, 400, 1104
-613, 560, 1084
-718, 741, 1133
-723, 811, 1152
-,-,-
417, -812, 986
407, -769, 977
385, -771, 968
328, -747, 957
210, -589, 965
87, -341, 1006
3, -183, 1020
3, -183, 1020
-124, -17, 1085
-270, 164, 1136
-427, 414, 1139
-563, 668, 1144
-615, 798, 1074
-640, 819, 1051
-633, 780, 1073
-,-,-
398, -837, 1084
376, -793, 983
329, -766, 940
329, -766, 939
250, -659, 939
188, -508, 876
108, -348, 858
5, -184, 905
-135, -22, 1025
-304, 183, 1098
-462, 417, 1128
-581, 610, 1098
-696, 792, 1126
-696, 792, 1126
-767, 897, 1139
-,-,-
502, -1028, 1013
450, -885, 1072
409, -825, 987
347, -735, 903
347, -735, 903
265, -660, 882
137, -546, 959
19, -371, 1033
-112, -193, 1110
-258, 0, 1157
-375, 195, 1170
-451, 420, 1131
-493, 613, 1037
-555, 767, 1012
-555, 767, 1012
-635, 936, 1065
-,-,-
329, -879, 1181
306, -879, 1135
313, -847, 1083
271, -754, 1054
270, -680, 972
225, -590, 941
225, -590, 941
169, -445, 954
101, -293, 960
-15, -120, 994
-134, 83, 1029
-257, 274, 1105
-369, 436, 1124
-457, 541, 1070
-562, 672, 1103
-622, 793, 1127
-614, 815, 1055
-,-,-
331, -776, 1127
323, -791, 986
312, -716, 959
318, -638, 893
300, -599, 808
210, -492, 833
210, -492, 833
65, -276, 920
-109, -89, 1071
-242, 44, 1208
-328, 213, 1118
-482, 474, 1129
-643, 726, 1270
-705, 795, 1274
-734, 852, 1194
-720, 870, 1165
-639, 825, 1113
-,-,-
386, -841, 1070
294, -744, 953
257, -627, 921
250, -567, 866
204, -513, 898
204, -513, 898
77, -360, 1040
-57, -193, 1098
-211, 2, 1157
-355, 220, 1192
-480, 498, 1141
-605, 752, 1120
-678, 913, 1156
-671, 988, 1095
-584, 926, 967
-584, 926, 967
-462, 799, 870
-338, 655, 810
-,-,-
140, -599, 1080
140, -599, 1080
94, -431, 965
5, -227, 966
-71, -65, 985
-182, 79, 1037
-281, 241, 1078
-370, 402, 1074
-451, 566, 1059
-497, 678, 1044
-497, 678, 1044
-512, 790, 1022
-,-,-
186, -583, 1013
161, -536, 1018
161, -536, 1018
96, -572, 1008
2, -477, 1034
-79, -277, 1017
-192, -52, 1009
-252, 98, 1034
-297, 198, 1048
-333, 304, 977
-449, 509, 991
-610, 736, 1036
-610, 736, 1036
-724, 931, 1047
-756, 1069, 1008
-,-,-
286, -839, 1172
280, -838, 1068
250, -776, 1000
205, -691, 987
107, -588, 964
11, -398, 937
-65, -179, 906
-65, -179, 906
-166, 28, 915
-280, 179, 981
-415, 336, 1045
-595, 522, 1092
-778, 727, 1151
-873, 953, 1160
-,-,-
406, -936, 1100
406, -936, 1100
376, -855, 1001
333, -786, 1013
237, -706, 1010
167, -607, 953
83, -466, 924
-35, -265, 974
-181, -42, 1028
-345, 207, 1062
-504, 403, 1074
-643, 634, 1063
-643, 634, 1063
-,-,-
347, -839, 1077
306, -887, 1119
272, -868, 1146
202, -726, 1130
157, -565, 1043
157, -565, 1043
55, -353, 992
-71, -103, 1013
-217, 126, 1019
-394, 336, 1090
-558, 568, 1052
-673, 763, 999
-,-,-
388, -938, 1257
388, -938, 1257
427, -1014, 1255
439, -1038, 1207
393, -917, 1148
302, -787, 1108
208, -657, 1016
129, -467, 922
33, -260, 891
-75, -91, 922
-224, 93, 952
-436, 306, 1045
-436, 306, 1045
-651, 533, 1177
-,-,-
555, -1309, 1265
528, -1349, 1380
346, -1239, 1399
237, -1002, 1176
145, -725, 969
71, -428, 892
-8, -243, 900
-122, -57, 971
-122, -57, 971
-253, 160, 1063
-388, 341, 1067
-505, 479, 1064
-,-,-
408, -994, 1151
537, -1116, 1212
598, -1230, 1204
559, -1244, 1124
450, -1096, 1070
326, -919, 975
177, -711, 916
37, -405, 973
-138, -113, 1042
-321, 181, 965
-321, 181, 965
-584, 541, 961
-,-,-
444, -980, 1313
444, -980, 1313
563, -1184, 1256
610, -1325, 1123
531, -1271, 1125
377, -1123, 1215
280, -955, 1127
229, -721, 836
157, -410, 692
57, -134, 681
-105, 68, 828
-297, 289, 949
-495, 545, 1020
-652, 821, 1104
-,-,-
561, -1050, 1072
472, -1025, 1272
455, -953, 1186
457, -921, 1013
354, -849, 946
198, -670, 958
57, -429, 971
57, -429, 971
-61, -181, 913
-234, 53, 936
-490, 361, 1105
-699, 596, 1172
-872, 837, 1146
-,-,-
249, -894, 1130
233, -763, 1014
177, -637, 937
111, -582, 799
-7, -425, 771
-130, -141, 851
-279, 142, 1050
-279, 142, 1050
-459, 385, 1266
-576, 606, 1255
-656, 845, 1194
-768, 1026, 1232
-,-,-
406, -942, 1052
394, -864, 1104
394, -864, 1104
339, -830, 1031
281, -789, 967
228, -638, 954
151, -439, 911
24, -194, 925
-127, 31, 1024
-303, 287, 1162
-463, 519, 1189
-609, 750, 1203
-609, 750, 1203
-720, 953, 1232
-757, 1055, 1207
-,-,-
254, -737, 871
220, -653, 951
113, -620, 1107
6, -440, 1168
-50, -170, 1147
-110, -9, 1115
-222, 168, 1163
-321, 324, 1159
-321, 324, 1159
-381, 481, 1106
-434, 676, 1035
-484, 879, 1014
-501, 1011, 993
-470, 1038, 910
-422, 987, 863
-411, 867, 871
-,-,-
360, -779, 1014
320, -737, 991
246, -611, 1002
152, -441, 998
48, -257, 993
-76, -68, 1055
-191, 125, 1139
-191, 125, 1139
-254, 276, 1123
-306, 380, 1039
-418, 562, 1033
-520, 748, 1041
-,-,-
447, -865, 1173
481, -907, 1096
402, -877, 1063
308, -799, 1037
200, -628, 1073
79, -411, 1025
-20, -194, 1002
-126, 29, 1041
-237, 199, 1062
-237, 199, 1062
-382, 367, 1139
-512, 515, 1151
-592, 669, 1120
-,-,-
425, -976, 1152
425, -976, 1152
416, -928, 1055
322, -857, 1063
211, -749, 1029
101, -574, 972
-20, -344, 931
-150, -70, 924
-300, 206, 958
-485, 445, 1069
-628, 642, 1084
-706, 795, 1060
-,-,-
150, -426, 1133
289, -677, 1103
389, -915, 1122
410, -927, 1288
313, -968, 1312
193, -749, 1168
76, -418, 984
-106, -1, 860
-106, -1, 860
-393, 436, 904
-736, 787, 982
-,-,-
309, -687, 1085
425, -864, 958
399, -946, 1038
396, -970, 1160
324, -976, 1209
282, -793, 1090
209, -604, 957
91, -341, 898
91, -341, 880
-71, -24, 880
-315, 270, 974
-598, 526, 1146
-794, 760, 1161
-,-,-
510, -1117, 1204
514, -1229, 1234
509, -1243, 1155
445, -1138, 1135
341, -950, 1037
213, -661, 946
51, -288, 915
51, -288, 915
-150, 55, 883
-434, 442, 1002
-734, 697, 1118
-930, 966, 1091
-,-,-
461, -1004, 1217
485, -1158, 1280
474, -1213, 1364
457, -1265, 1292
336, -1066, 1219
167, -716, 1104
5, -296, 926
5, -296, 926
-196, 124, 854
-450, 499, 909
-703, 810, 936
-867, 1054, 856
-,-,-
484, -954, 1175
564, -985, 1253
577, -1048, 1188
504, -1076, 1181
408, -995, 1184
322, -855, 1070
322, -855, 1070
168, -614, 974
-12, -314, 929
-210, 25, 932
-455, 380, 1002
-729, 681, 1058
-,-,-
326, -886, 1190
391, -938, 1216
409, -966, 1168
421, -981, 1131
411, -951, 1096
363, -859, 1004
249, -631, 961
118, -368, 925
-12, -80, 922
-12, -80, 922
-151, 167, 934
-359, 367, 1034
-597, 548, 1101
-772, 739, 1079
-,-,-
475, -994, 1228
393, -994, 1319
401, -920, 1280
364, -852, 1201
315, -768, 1040
217, -538, 961
217, -538, 961
104, -316, 900
-25, -72, 855
-190, 165, 879
-406, 402, 989
-601, 562, 994
-751, 776, 952
-,-,-
437, -1047, 1285
392, -1042, 1320
305, -949, 1266
248, -844, 1129
167, -678, 1045
76, -460, 963
-28, -220, 920
-155, 56, 914
-310, 298, 952
-503, 526, 1066
-677, 757, 1061
-677, 757, 1061
-774, 939, 986
-830, 1025, 997
-,-,-
455, -1082, 1213
432, -1101, 1220
413, -1061, 1179
405, -1007, 1147
342, -903, 1038
251, -690, 919
124, -396, 901
-27, -122, 922
-212, 151, 963
-433, 393, 1048
-656, 630, 1149
-800, 844, 1093
-845, 972, 1053
-845, 972, 1053
-,-,-
403, -1011, 1134
420, -979, 1111
419, -902, 1041
419, -902, 1041
382, -903, 980
283, -796, 1021
164, -587, 1014
62, -371, 943
-49, -116, 924
-219, 79, 1023
-436, 260, 1141
-630, 508, 1140
-,-,-
483, -851, 1047
570, -983, 1150
620, -1032, 1189
618, -1018, 1137
587, -1036, 975
483, -902, 916
355, -714, 933
203, -568, 948
203, -568, 948
53, -397, 935
-92, -140, 969
-230, 64, 1001
-418, 298, 1093
-653, 506, 1164
-822, 733, 1179
-,-,-
608, -1169, 1189
534, -1139, 1350
532, -1060, 1241
450, -906, 1109
358, -752, 987
230, -549, 908
67, -345, 950
67, -345, 950
-103, -129, 988
-237, 49, 956
-394, 249, 1010
-540, 442, 1035
-636, 585, 1004
-662, 690, 1004
-,-,-
561, -1014, 1126
530, -940, 1118
463, -825, 996
390, -688, 848
336, -595, 753
242, -393, 736
110, -193, 759
-28, -8, 834
-28, -8, 834
-176, 135, 905
-357, 318, 1037
-522, 511, 1149
-,-,-
341, -910, 1121
366, -894, 1061
344, -721, 1043
308, -609, 975
224, -510, 966
77, -325, 1003
-68, -89, 1025
-68, -89, 1025
-237, 138, 1129
-374, 372, 1132
-504, 552, 1117
-,-,-
359, -765, 1193
459, -845, 1130
386, -773, 1177
349, -760, 1103
293, -750, 1056
186, -546, 1036
65, -294, 1060
-57, -37, 1057
-57, -37, 1057
-206, 187, 1038
-390, 409, 1114
-574, 613, 1181
-687, 788, 1148
-741, 876, 1036
-,-,-
343, -780, 1134
443, -960, 1044
427, -904, 1054
416, -827, 1080
348, -771, 997
227, -625, 915
68, -378, 935
-79, -148, 954
-79, -148, 954
-194, 70, 977
-333, 263, 984
-528, 516, 915
-764, 814, 860
-952, 1046, 928
-,-,-
306, -771, 1130
259, -710, 1100
274, -631, 1004
206, -575, 958
206, -575, 958
98, -399, 972
-19, -207, 1041
-139, -17, 1035
-267, 165, 1055
-423, 384, 1100
-577, 609, 1121
-683, 767, 1130
-722, 804, 1115
-,-,-
424, -964, 1165
399, -849, 1099
364, -757, 1060
327, -652, 977
263, -537, 989
181, -399, 1001
83, -261, 985
-37, -95, 968
-37, -95, 968
-174, 127, 992
-332, 365, 1082
-475, 555, 1075
-536, 674, 963
-,-,-
785, -856, 812
805, -922, 856
701, -871, 851
576, -818, 855
467, -737, 825
467, -737, 825
354, -560, 835
210, -410, 863
20, -206, 1010
-185, 21, 1121
-367, 295, 1134
-509, 568, 1158
-610, 698, 1176
-692, 707, 1235
-,-,-
489, -698, 1046
484, -707, 1016
400, -646, 1033
312, -586, 1015
233, -450, 961
136, -302, 974
-1, -132, 1050
-139, 63, 1095
-272, 258, 1128
-400, 436, 1092
-507, 655, 1031
-507, 655, 1031
-567, 737, 1048
-,-,-
462, -822, 1129
352, -720, 1169
305, -683, 1079
205, -628, 1046
85, -444, 1059
85, -444, 1059
-21, -265, 1043
-122, -82, 996
-210, 133, 950
-360, 359, 992
-569, 540, 1135
-707, 670, 1184
-718, 761, 1097
-,-,-
443, -826, 999
366, -781, 1047
319, -678, 969
232, -536, 964
232, -536, 964
147, -414, 933
19, -235, 1003
-128, -77, 1089
-262, 78, 1060
-404, 258, 1093
-546, 449, 1185
-645, 631, 1215
-668, 691, 1134
-,-,-
462, -726, 914
449, -688, 1026
392, -717, 988
392, -717, 988
327, -680, 984
216, -565, 1001
59, -414, 1057
-76, -231, 1092
-202, -31, 1057
-300, 144, 1029
-393, 286, 1030
-481, 394, 1064
-,-,-
29, 35, 889
140, -37, 1006
221, -213, 1107
379, -550, 1213
495, -824, 1388
495, -824, 1388
510, -1010, 1473
482, -1104, 1434
400, -873, 1201
203, -472, 925
-126, 44, 890
-480, 546, 813
-917, 941, 874
-1196, 1310, 915
-,-,-
294, -715, 1368
355, -873, 1375
404, -1025, 1368
393, -1121, 1429
285, -1069, 1390
137, -796, 1232
0, -351, 1163
-142, 60, 927
-431, 565, 812
-858, 1020, 840
-858, 1020, 840
-1263, 1400, 885
-1416, 1614, 781
-,-,-
155, -886, 1272
81, -907, 1277
34, -802, 1379
34, -802, 1379
-16, -738, 1342
-63, -620, 1179
-118, -345, 1050
-153, -72, 913
-261, 260, 770
-508, 701, 732
-746, 1032, 770
-871, 1212, 894
-856, 1217, 848
-828, 1116, 964
-,-,-
233, -1090, 1186
192, -909, 1271
179, -731, 1222
163, -674, 1034
163, -674, 1034
69, -427, 1047
-69, -234, 1033
-230, 12, 1029
-361, 333, 954
-537, 661, 914
-776, 936, 957
-966, 1106, 841
-,-,-
344, -848, 1188
424, -1031, 1244
398, -1071, 1294
354, -1064, 1300
280, -926, 1180
163, -649, 1102
16, -341, 1029
-192, 5, 974
-428, 415, 835
-428, 415, 835
-667, 821, 814
-927, 1069, 914
-1115, 1317, 945
-,-,-
283, -991, 1177
140, -843, 1133
-49, -511, 1105
-186, -242, 1075
-312, 44, 935
-528, 425, 977
-850, 836, 1135
-1055, 1052, 1151
-1086, 1210, 1044
-928, 1254, 862
-,-,-
414, -1329, 1274
423, -1193, 1307
342, -1049, 1119
225, -871, 947
225, -871, 947
84, -605, 985
-42, -404, 1017
-189, -114, 1032
-397, 248, 1069
-640, 606, 1133
-907, 932, 1203
-1068, 1205, 1043
-1033, 1438, 776
-,-,-
772, -1259, 1253
804, -1264, 1106
773, -1199, 959
540, -1006, 987
304, -776, 921
84, -456, 866
-138, -104, 846
-138, -104, 846
-375, 308, 919
-693, 662, 1132
-1036, 967, 1200
-1207, 1168, 1199
-,-,-
551, -1199, 1216
602, -1206, 1158
539, -1091, 1104
439, -917, 1028
287, -740, 978
124, -463, 1026
-15, -205, 954
-175, 125, 851
-450, 510, 1015
-776, 778, 1199
-776, 778, 1199
-1078, 1044, 1221
-,-,-
576, -1314, 1310
612, -1311, 1326
564, -1270, 1349
509, -1201, 1184
404, -991, 1040
261, -756, 1044
135, -537, 993
-20, -224, 916
-206, 183, 877
-484, 535, 912
-843, 806, 1038
-,-,-
549, -1242, 1370
576, -1193, 1295
509, -1135, 1191
359, -993, 1124
359, -993, 1124
207, -756, 1059
98, -493, 956
-7, -170, 910
-173, 170, 906
-434, 492, 963
-805, 691, 1121
-1077, 1019, 1161
-,-,-
433, -1171, 1336
433, -1171, 1336
429, -1194, 1376
344, -1073, 1311
212, -909, 1185
96, -699, 1018
6, -432, 884
-98, -122, 756
-260, 272, 873
-482, 546, 1007
-820, 730, 1105
-1035, 1040, 1091
-,-,-
517, -1039, 1292
539, -1153, 1343
521, -1156, 1283
395, -999, 1253
288, -871, 1033
175, -673, 879
10, -406, 908
-179, -144, 983
-362, 129, 1029
-586, 418, 1099
-811, 670, 1122
-942, 923, 1010
-,-,-
477, -1139, 1265
452, -1211, 1370
397, -1104, 1379
357, -952, 1246
273, -847, 1053
175, -582, 1014
83, -336, 1004
-45, -112, 1043
-197, 185, 1050
-397, 465, 985
-,-,-
493, -1467, 1307
412, -1405, 1364
377, -1112, 1354
293, -945, 1155
216, -698, 969
128, -369, 889
12, -82, 925
12, -82, 925
-147, 185, 1019
-373, 436, 1085
-663, 668, 1247
-,-,-
352, -1251, 1167
470, -1164, 1162
510, -1049, 987
432, -866, 972
432, -866, 972
297, -642, 992
149, -369, 1004
-4, -95, 940
-257, 254, 1049
-509, 576, 1192
-718, 782, 1221
-,-,-
342, -1265, 1246
322, -1282, 1362
380, -1188, 1217
345, -1059, 1044
266, -920, 978
147, -689, 954
10, -393, 913
-115, -58, 850
-115, -58, 850
-268, 268, 795
-564, 593, 933
-,-,-
426, -1172, 1015
396, -1164, 1242
395, -1189, 1074
291, -985, 1014
180, -687, 931
36, -358, 874
-116, 66, 868
-408, 455, 944
-408, 455, 944
-785, 723, 1202
-,-,-
276, -976, 1304
210, -1159, 1314
210, -1030, 1289
229, -946, 1062
205, -796, 968
86, -557, 1002
-21, -294, 918
-129, -58, 836
-294, 183, 904
-532, 500, 1033
-763, 793, 1183
-,-,-
460, -1261, 1332
340, -1204, 1453
373, -1100, 1265
384, -946, 1052
352, -757, 919
263, -536, 903
145, -349, 844
-33, -58, 880
-33, -58, 880
-277, 300, 1029
-597, 517, 1225
-,-,-
482, -1240, 1329
549, -1345, 1376
506, -1230, 1362
390, -1086, 1171
279, -865, 1018
164, -618, 946
57, -373, 911
57, -373, 911
-72, -92, 862
-238, 291, 826
-507, 652, 927
-818, 870, 1115
-,-,-
428, -1122, 1160
398, -1270, 1367
439, -1307, 1331
431, -1131, 1168
379, -968, 977
255, -719, 866
113, -449, 849
113, -449, 849
-20, -216, 861
-157, 59, 869
-353, 470, 1002
-,-,-
420, -964, 1216
481, -1246, 1272
511, -1234, 1337
514, -1203, 1218
433, -1048, 1072
367, -877, 854
248, -636, 834
95, -385, 871
-46, -76, 861
-170, 223, 831
-379, 521, 1002
-658, 795, 1200
-658, 795, 1200
-851, 1026, 1175
-,-,-
235, -591, 1036
382, -697, 1095
527, -857, 1100
658, -978, 1042
646, -1044, 1023
603, -1019, 949
477, -873, 933
342, -739, 884
211, -567, 830
86, -332, 781
-65, 33, 870
-65, 33, 870
-295, 362, 1045
-684, 596, 1287
-,-,-
385, -1026, 1236
429, -1140, 1292
483, -1100, 1217
455, -979, 1061
389, -897, 921
292, -682, 862
186, -390, 811
73, -125, 838
73, -125, 838
-81, 160, 948
-330, 387, 1124
-611, 597, 1255
-830, 854, 1224
-949, 1080, 1145
-,-,-
340, -949, 1131
613, -1114, 1041
779, -1188, 1031
734, -1183, 1039
574, -1094, 972
349, -934, 939
171, -676, 918
58, -409, 849
-55, -76, 827
-55, -76, 827
-226, 297, 955
-529, 549, 1203
-,-,-
500, -1081, 1046
518, -1233, 1176
525, -1398, 1269
404, -1387, 1251
348, -1238, 1047
328, -1027, 871
244, -835, 825
118, -575, 906
10, -279, 876
10, -279, 876
-78, 40, 829
-228, 395, 908
-454, 569, 1172
-,-,-
579, -1468, 1093
482, -1297, 1156
336, -1121, 1053
210, -953, 974
210, -953, 974
80, -729, 968
-11, -463, 908
-89, -174, 952
-137, 83, 934
-117, 223, 847
-132, 318, 1011
-,-,-
128, -1156, 964
110, -1460, 1279
187, -1588, 1406
285, -1521, 1283
361, -1306, 1050
344, -1021, 942
230, -713, 996
88, -425, 1089
88, -425, 1089
-9, -20, 1189
-34, 310, 1199
-123, 315, 1186
-,-,-
369, -1446, 1457
343, -1406, 1377
280, -1236, 1172
239, -972, 1073
201, -785, 912
150, -554, 893
93, -307, 887
19, -21, 883
19, -21, 883
-161, 270, 1091
-437, 498, 1345
-671, 777, 1424
-819, 1074, 1281
-851, 1299, 1236
-,-,-
467, -1341, 1230
394, -1143, 970
342, -869, 849
256, -589, 818
125, -315, 836
125, -315, 934
-29, 5, 934
-229, 315, 1152
-446, 534, 1307
-634, 750, 1359
-691, 919, 1314
-,-,-
640, -1544, 1073
722, -1540, 1266
741, -1458, 1159
629, -1164, 1024
475, -822, 986
324, -576, 915
176, -296, 930
13, 34, 1095
-170, 252, 1245
-369, 428, 1343
-562, 581, 1265
-800, 817, 1181
-,-,-
491, -1386, 1319
433, -1304, 1550
424, -1113, 1458
376, -1088, 1232
290, -922, 1049
194, -552, 1010
105, -266, 932
-41, 43, 954
-41, 43, 954
-246, 332, 1067
-527, 604, 1278
-727, 799, 1316
-,-,-
548, -1429, 1292
613, -1388, 1145
536, -1217, 1018
393, -995, 967
251, -718, 893
106, -383, 855
-34, -50, 866
-247, 227, 1038
-486, 449, 1194
-720, 672, 1228
-720, 672, 1228
-,-,-
392, -1059, 898
563, -1357, 1224
651, -1486, 1250
679, -1577, 1308
604, -1472, 1318
471, -1271, 1187
317, -955, 1118
183, -677, 992
53, -389, 919
-112, -87, 986
-245, 194, 1050
-378, 482, 1092
-,-,-
443, -1154, 1206
391, -1179, 1330
439, -1189, 1187
449, -1153, 1074
444, -1068, 990
385, -948, 905
294, -719, 832
197, -473, 782
197, -473, 782
81, -213, 804
-18, 42, 825
-167, 291, 985
-340, 553, 1090
-543, 748, 1136
-,-,-
504, -1460, 1094
320, -1430, 1367
304, -1236, 1496
324, -1180, 1268
302, -1039, 1023
228, -781, 913
127, -521, 862
-10, -267, 913
-117, 43, 971
-117, 43, 971
-199, 340, 995
-368, 553, 1123
-642, 738, 1444
-,-,-
480, -1425, 1173
511, -1436, 1256
550, -1405, 1250
452, -1164, 1169
330, -896, 945
176, -594, 846
7, -240, 912
-174, 43, 944
-174, 43, 944
-421, 291, 1065
-653, 566, 1219
-902, 857, 1280
-,-,-
612, -1693, 1199
612, -1693, 1199
509, -1509, 1360
378, -1295, 1118
234, -1098, 897
69, -826, 891
-71, -538, 881
-180, -191, 811
-312, 161, 805
-503, 399, 965
-723, 639, 1181
-930, 903, 1240
-1049, 1179, 1161
-,-,-
502, -1322, 1103
451, -1232, 1085
431, -1063, 1011
319, -957, 893
204, -750, 843
84, -482, 825
84, -482, 825
-39, -254, 874
-218, -39, 1005
-414, 254, 1109
-659, 529, 1255
-879, 816, 1266
-1029, 1125, 1243
-1053, 1292, 1136
-,-,-
425, -1295, 1328
463, -1331, 1428
435, -1137, 1422
370, -932, 1287
262, -816, 1010
146, -552, 900
66, -259, 832
-64, -18, 867
-255, 228, 1034
-482, 494, 1174
-740, 698, 1160
-1000, 960, 1082
-1128, 1197, 1098
-,-,-
571, -1346, 1318
491, -1350, 1535
434, -1188, 1556
403, -1021, 1144
320, -822, 921
218, -614, 882
218, -614, 882
104, -431, 912
-34, -178, 952
-159, 84, 938
-293, 301, 940
-577, 442, 1138
-,-,-
639, -1308, 1382
742, -1253, 1285
700, -1257, 1223
550, -1213, 1076
368, -1001, 972
175, -772, 942
-7, -482, 862
-173, -136, 892
-326, 171, 930
-510, 433, 1023
-706, 587, 1147
-,-,-
437, -1166, 1099
449, -1206, 1468
471, -1199, 1454
487, -1067, 1212
439, -987, 1014
325, -766, 981
210, -505, 997
210, -505, 997
105, -254, 947
5, 41, 955
-79, 278, 966
-313, 423, 1140
-647, 704, 1377
-,-,-
491, -1217, 1143
528, -1265, 1350
539, -1396, 1264
455, -1227, 1115
337, -920, 971
337, -920, 971
225, -648, 855
89, -301, 912
-57, 79, 1031
-259, 240, 1169
-546, 450, 1356
-,-,-
403, -1077, 1498
459, -1113, 1729
468, -1085, 1483
403, -968, 1140
240, -670, 1012
120, -412, 934
29, -129, 822
-65, 140, 780
-237, 318, 845
-534, 461, 1146
-764, 536, 1327
-821, 683, 1258
-,-,-
485, -1264, 1173
485, -1264, 1173
407, -1147, 1200
274, -935, 1013
186, -702, 826
116, -421, 800
12, -132, 837
-179, 127, 1051
-438, 356, 1291
-750, 606, 1468
-930, 917, 1441
-,-,-
544, -993, 1046
604, -1254, 1040
617, -1321, 1165
532, -1229, 1143
414, -1062, 921
276, -705, 760
84, -374, 750
-173, -52, 952
-475, 229, 1205
-475, 229, 1205
-827, 575, 1329
-,-,-
754, -1154, 1013
544, -979, 999
385, -845, 905
172, -692, 887
-40, -391, 964
-200, -391, 989
-200, -33, 989
-375, 270, 1035
-558, 539, 1142
-738, 754, 1164
-862, 896, 1234
-937, 966, 1303
-,-,-
683, -1131, 1138
579, -1130, 1207
499, -1077, 1158
353, -950, 1076
264, -752, 1006
187, -594, 896
54, -391, 936
-102, -180, 984
-102, -180, 984
-238, 129, 969
-436, 494, 1039
-670, 720, 1167
-890, 944, 1202
-,-,-
708, -1147, 1069
708, -1147, 1069
623, -1119, 1015
447, -972, 1044
297, -804, 989
159, -613, 888
56, -348, 780
-95, -40, 892
-292, 230, 1069
-476, 494, 1180
-679, 703, 1254
-917, 921, 1310
-,-,-
474, -1504, 1419
498, -1430, 1582
487, -1259, 1390
396, -1093, 1139
274, -845, 935
163, -597, 823
163, -597, 823
80, -381, 871
-46, -199, 905
-210, 114, 971
-446, 386, 1117
-759, 600, 1295
-,-,-
488, -1206, 1244
412, -1090, 1209
338, -974, 1072
208, -785, 1045
89, -552, 947
-64, -307, 992
-64, -307, 992
-209, -78, 1058
-335, 112, 1057
-471, 352, 1105
-600, 611, 1161
-701, 813, 1078
-,-,-
658, -1241, 1206
561, -1268, 1278
491, -1087, 1230
390, -940, 1084
277, -819, 897
133, -617, 880
-1, -374, 1001
-94, -170, 966
-94, -170, 966
-200, 157, 930
-352, 381, 962
-598, 590, 1123
-802, 802, 1217
-,-,-
633, -1246, 1084
611, -1199, 1028
565, -1116, 861
414, -935, 867
258, -730, 924
144, -497, 860
144, -497, 860
16, -238, 824
-215, -66, 1100
-443, 129, 1320
-624, 370, 1344
-728, 548, 1346
-,-,-
535, -1362, 1026
637, -1352, 1153
624, -1293, 1092
490, -1121, 1047
354, -962, 994
213, -744, 953
76, -418, 945
-76, -97, 912
-76, -97, 912
-255, 148, 1039
-510, 358, 1199
-721, 557, 1249
-818, 794, 1162
-842, 963, 1088
-840, 1036, 1050
-,-,-
469, -1096, 1263
518, -1015, 1119
544, -933, 997
479, -850, 872
381, -698, 841
250, -515, 949
250, -515, 949
136, -349, 934
5, -114, 890
-207, 131, 998
-480, 327, 1228
-666, 530, 1285
-745, 706, 1112
-765, 826, 1042
-,-,-
330, -821, 1223
499, -1063, 1278
585, -1113, 1425
578, -1064, 1326
484, -960, 1140
352, -765, 965
223, -486, 916
92, -235, 870
-71, 8, 943
-248, 269, 1053
-427, 510, 1102
-427, 510, 1102
-636, 697, 1121
-797, 863, 1094
-,-,-
527, -1200, 1376
479, -1057, 1268
351, -874, 1129
240, -643, 937
240, -643, 937
158, -460, 836
99, -313, 859
13, -172, 937
-102, 18, 1032
-308, 165, 1180
-513, 335, 1291
-694, 559, 1273
-825, 787, 1241
-,-,-
450, -1048, 1264
396, -950, 1217
292, -800, 1122
162, -603, 1026
27, -309, 965
-92, 19, 910
-92, 19, 910
-265, 276, 952
-473, 526, 1097
-672, 706, 1129
-820, 864, 1086
-859, 998, 986
-838, 1052, 921
-,-,-
565, -1035, 1157
497, -941, 1101
385, -811, 1067
274, -634, 1038
174, -477, 951
114, -330, 865
33, -134, 872
-63, 23, 913
-63, 23, 913
-191, 135, 991
-361, 265, 1143
-541, 445, 1204
-744, 599, 1198
-917, 769, 1217
-,-,-
600, -1143, 1206
597, -1090, 1195
510, -921, 1168
442, -822, 1082
371, -744, 920
272, -575, 833
171, -406, 777
38, -222, 783
38, -222, 783
-95, -30, 852
-254, 181, 1002
-426, 370, 1064
-668, 543, 1167
-916, 760, 1360
-,-,-
615, -1210, 1240
562, -1183, 1178
481, -1033, 1110
430, -860, 959
351, -749, 827
224, -532, 808
65, -254, 882
-94, -13, 915
-316, 257, 1001
-316, 257, 1001
-617, 524, 1213
-909, 749, 1327
-,-,-
593, -1061, 1088
512, -934, 1008
388, -768, 916
388, -768, 916
256, -621, 875
130, -454, 872
-1, -261, 888
-132, -57, 931
-304, 168, 1018
-555, 441, 1169
-817, 702, 1255
-1004, 938, 1232
-1077, 1111, 1193
-,-,-
630, -1132, 1313
568, -1067, 1215
437, -910, 1066
331, -739, 880
183, -512, 896
61, -350, 935
-68, -179, 953
-202, 61, 994
-202, 61, 994
-393, 312, 1067
-658, 540, 1142
-887, 779, 1176
-1003, 958, 1159
-,-,-
562, -1059, 1199
470, -966, 1289
468, -833, 1156
431, -792, 996
313, -670, 942
313, -670, 942
152, -503, 960
-15, -305, 974
-176, -49, 974
-351, 269, 1010
-591, 506, 1073
-870, 747, 1171
-1027, 991, 1172
-,-,-
574, -1031, 1085
562, -1028, 1068
484, -869, 1008
365, -731, 908
266, -638, 815
266, -638, 815
123, -521, 882
-40, -302, 1026
-209, -78, 1080
-404, 150, 1177
-647, 381, 1322
-849, 619, 1407
-929, 814, 1337
-901, 856, 1177
-,-,-
506, -1086, 1223
486, -1026, 1511
463, -957, 1355
435, -850, 1053
364, -657, 845
267, -458, 760
267, -458, 760
149, -290, 758
-3, -129, 853
-160, 92, 1001
-345, 304, 1065
-641, 521, 1141
-903, 769, 1250
-,-,-
620, -1023, 1202
553, -1104, 1262
496, -955, 1194
392, -793, 1051
312, -633, 882
242, -428, 760
153, -208, 739
153, -208, 739
19, 7, 820
-159, 203, 945
-370, 336, 1064
-605, 452, 1156
-,-,-
397, -915, 1168
343, -765, 963
257, -620, 845
101, -413, 899
-48, -142, 934
-168, 110, 942
-292, 351, 1037
-459, 555, 1199
-603, 754, 1288
-645, 860, 1268
-645, 860, 1268
-560, 840, 1193
-419, 707, 1136
-,-,-
464, -967, 1260
464, -967, 1260
447, -862, 1112
360, -770, 1023
243, -597, 1019
107, -278, 1017
-17, -16, 1010
-189, 231, 1085
-417, 452, 1210
-651, 652, 1288
-789, 882, 1275
-784, 1009, 1149
-,-,-
446, -989, 1238
420, -902, 1025
405, -749, 923
328, -587, 843
244, -407, 869
164, -273, 913
77, -133, 936
77, -133, 936
-49, 36, 987
-225, 195, 1118
-428, 393, 1268
-647, 606, 1322
-,-,-
441, -979, 1184
441, -979, 1184
435, -874, 995
345, -737, 999
220, -613, 1006
91, -399, 951
-24, -107, 910
-189, 228, 985
-421, 451, 1169
-652, 669, 1288
-786, 903, 1193
-786, 903, 1193
-,-,-
443, -1148, 1278
390, -940, 1289
383, -765, 1033
323, -645, 864
323, -645, 864
189, -457, 931
58, -230, 1022
-67, 30, 1029
-207, 325, 1039
-410, 499, 1098
-672, 686, 1216
-,-,-
535, -833, 1060
548, -1023, 975
479, -927, 1143
316, -809, 1195
153, -668, 1078
26, -365, 947
-150, 17, 977
-359, 304, 1111
-604, 576, 1214
-794, 856, 1265
-876, 1034, 1213
-,-,-
371, -814, 1017
365, -743, 1054
341, -583, 947
259, -494, 899
125, -356, 955
-19, -133, 1048
-186, 114, 1164
-186, 114, 1164
-384, 317, 1246
-574, 495, 1226
-732, 745, 1149
-,-,-
541, -1024, 1254
459, -979, 1238
339, -833, 1106
233, -641, 1014
142, -442, 931
142, -442, 931
25, -206, 913
-99, -5, 947
-263, 154, 1037
-414, 293, 1123
-560, 470, 1184
-702, 613, 1262
-783, 721, 1270
-,-,-
429, -817, 1140
354, -844, 1192
276, -709, 1302
235, -610, 1205
200, -519, 1034
127, -340, 906
127, -340, 906
6, -82, 965
-156, 155, 1065
-306, 350, 1066
-467, 578, 1076
-638, 737, 1105
-803, 915, 1182
-883, 1012, 1125
-,-,-
442, -990, 1199
428, -937, 1132
405, -797, 984
360, -678, 877
274, -542, 808
163, -298, 810
43, -51, 875
-103, 124, 945
-103, 124, 945
-274, 311, 1085
-458, 543, 1213
-580, 726, 1189
-667, 883, 1127
-,-,-
485, -890, 1135
485, -890, 1135
445, -769, 1053
363, -675, 924
243, -503, 878
113, -305, 911
1, -126, 986
-128, 119, 1049
-270, 346, 1074
-486, 551, 1218
-698, 720, 1314
-698, 720, 1314
-,-,-
313, -722, 977
313, -722, 977
262, -527, 955
151, -372, 960
53, -205, 941
-27, 20, 911
-163, 245, 992
-163, 245, 992
-393, 465, 1193
-613, 668, 1284
-750, 856, 1175
-794, 1020, 1051
-,-,-
393, -928, 1102
364, -760, 947
364, -760, 947
287, -654, 900
182, -520, 883
68, -346, 895
-46, -148, 911
-167, 123, 947
-312, 342, 1054
-452, 463, 1198
-452, 463, 1198
-,-,-
518, -1100, 1100
547, -1098, 1075
557, -949, 1090
512, -796, 926
374, -629, 808
184, -349, 843
-42, -47, 955
-272, 246, 1066
-490, 547, 1176
-650, 787, 1171
-,-,-
491, -904, 976
466, -894, 999
466, -879, 967
337, -734, 965
337, -734, 965
227, -581, 889
131, -353, 814
15, -76, 812
-166, 225, 986
-411, 450, 1163
-693, 671, 1308
-892, 979, 1377
-,-,-
473, -1087, 1134
404, -1066, 1102
384, -910, 1019
321, -786, 925
209, -640, 933
78, -419, 950
-56, -156, 973
-219, 81, 1055
-443, 364, 1204
-672, 605, 1286
-672, 605, 1286
-864, 871, 1290
-946, 1061, 1219
-,-,-
596, -1289, 1234
437, -1192, 1161
389, -911, 1094
338, -800, 944
266, -666, 844
165, -434, 884
59, -231, 914
59, -231, 914
-52, -59, 970
-267, 167, 1147
-593, 365, 1329
-,-,-
428, -1156, 1469
384, -1031, 1256
287, -828, 1002
164, -599, 927
164, -599, 927
57, -366, 908
-9, -122, 911
-61, 71, 920
-165, 267, 979
-351, 484, 1119
-575, 698, 1148
-575, 698, 1148
-774, 997, 1191
-,-,-
487, -1071, 1278
516, -1039, 1308
506, -1002, 1112
400, -835, 1021
245, -634, 966
109, -397, 881
109, -397, 881
-1, -114, 794
-139, 122, 872
-313, 387, 1034
-490, 592, 1145
-690, 724, 1227
-,-,-
442, -869, 1045
321, -658, 1069
303, -577, 966
266, -567, 856
184, -492, 918
184, -492, 918
64, -330, 988
-41, -106, 981
-175, 156, 1053
-349, 390, 1196
-525, 575, 1213
-,-,-
469, -1043, 1105
461, -993, 1074
487, -872, 992
465, -807, 825
383, -689, 811
265, -506, 855
124, -291, 920
-4, -2, 1021
-4, -2, 1021
-155, 234, 1156
-371, 434, 1340
-552, 574, 1410
-627, 711, 1307
-,-,-
602, -1057, 1118
601, -1036, 1085
518, -874, 1042
518, -874, 1042
449, -771, 929
367, -656, 810
241, -425, 805
89, -148, 928
-65, 75, 1042
-277, 326, 1210
-529, 578, 1357
-714, 811, 1341
-,-,-
620, -928, 1112
576, -904, 1123
594, -828, 1107
478, -706, 1010
299, -577, 1022
133, -426, 1014
-2, -161, 966
-2, -161, 966
-89, 135, 933
-232, 392, 1047
-418, 489, 1167
-658, 633, 1260
-,-,-
550, -1029, 1092
540, -1203, 1069
503, -1124, 1117
421, -968, 1064
328, -797, 895
231, -498, 822
113, -146, 823
-66, 179, 980
-66, 179, 980
-347, 409, 1204
-657, 686, 1333
-,-,-
490, -887, 1096
472, -851, 1069
411, -763, 1049
326, -685, 959
242, -616, 891
128, -382, 902
23, -129, 936
-100, 88, 991
-250, 292, 1113
-250, 292, 1113
-405, 466, 1176
-559, 581, 1197
-,-,-
609, -948, 1077
610, -924, 1040
529, -826, 1009
529, -826, 1009
393, -689, 982
260, -514, 948
134, -285, 947
12, -56, 957
-155, 187, 1005
-378, 428, 1065
-585, 653, 1108
-737, 858, 1125
-801, 954, 1110
-,-,-
525, -1133, 1342
454, -982, 1211
375, -831, 995
248, -701, 926
127, -573, 919
20, -386, 864
-83, -83, 859
-180, 182, 841
-180, 182, 841
-315, 442, 962
-527, 609, 1240
-683, 753, 1365
-745, 898, 1217
-765, 1026, 1095
-,-,-
340, -762, 996
255, -615, 1019
134, -490, 965
3, -326, 901
-128, -75, 906
-262, 141, 940
-407, 376, 1078
-524, 612, 1147
-524, 612, 1147
-613, 782, 1108
-688, 908, 1129
-707, 921, 1100
-656, 911, 1013
-,-,-
240, -812, 975
184, -731, 1035
184, -731, 1035
178, -649, 948
95, -599, 945
-25, -505, 1074
-116, -346, 1075
-175, -92, 993
-271, 185, 1020
-395, 412, 1146
-526, 673, 1202
-650, 937, 1162
-728, 1132, 1106
-,-,-
244, -1094, 1288
248, -921, 1181
252, -768, 948
232, -645, 847
232, -645, 847
177, -525, 876
86, -329, 889
-22, -89, 932
-126, 157, 1002
-261, 425, 1087
-430, 641, 1177
-615, 839, 1229
-726, 1019, 1249
-714, 1056, 1131
-,-,-
467, -1187, 1067
524, -1187, 943
460, -1018, 970
370, -843, 936
270, -748, 895
147, -618, 887
29, -400, 916
-54, -180, 903
-152, 34, 929
-152, 34, 929
-313, 287, 1101
-549, 560, 1256
-789, 849, 1337
-881, 1050, 1301
-813, 1112, 1211
-,-,-
354, -1079, 1151
388, -1052, 1122
356, -934, 1005
287, -780, 953
287, -780, 953
205, -639, 882
116, -460, 861
-11, -217, 892
-179, 63, 943
-393, 365, 1025
-650, 645, 1216
-,-,-
358, -1010, 1208
386, -1062, 1184
379, -1001, 1121
336, -879, 984
252, -759, 940
152, -598, 876
65, -403, 856
-9, -202, 904
-9, -202, 904
-110, -7, 969
-273, 238, 1035
-510, 517, 1168
-734, 720, 1242
-,-,-
296, -987, 1130
296, -987, 1130
422, -1060, 1188
461, -1061, 1154
391, -974, 1048
279, -816, 914
160, -589, 831
45, -350, 772
-87, -106, 817
-230, 101, 942
-399, 342, 1094
-632, 633, 1265
-803, 898, 1294
-803, 898, 1294
-858, 1042, 1241
-835, 1028, 1177
-,-,-
426, -1059, 1125
434, -1001, 1037
366, -869, 967
295, -719, 856
202, -550, 817
88, -354, 892
11, -185, 897
11, -185, 897
-94, 56, 955
-243, 323, 1069
-457, 563, 1211
-662, 811, 1289
-768, 973, 1310
-749, 1036, 1247
-,-,-
390, -1232, 1267
410, -1171, 1101
368, -974, 1033
280, -831, 936
158, -703, 848
77, -526, 827
-1, -271, 827
-82, -27, 812
-209, 198, 927
-209, 198, 927
-370, 408, 1118
-579, 662, 1244
-748, 953, 1278
-754, 1097, 1208
-,-,-
646, -1350, 984
609, -1390, 1090
517, -1261, 1044
372, -1080, 959
243, -909, 834
123, -664, 824
21, -453, 849
-51, -234, 855
-51, -234, 855
-123, -10, 946
-253, 222, 1115
-440, 461, 1306
-637, 722, 1363
-793, 996, 1375
-845, 1152, 1309
-772, 1135, 1176
-,-,-
462, -1285, 1203
474, -1216, 1166
404, -1032, 984
307, -883, 857
215, -770, 790
143, -617, 783
69, -419, 832
1, -247, 873
-93, -34, 928
-93, -34, 928
-272, 241, 1107
-514, 500, 1266
-717, 782, 1263
-869, 1074, 1325
-,-,-
407, -1148, 1227
327, -1057, 1213
336, -957, 1048
294, -848, 890
226, -649, 903
146, -436, 914
146, -436, 914
82, -198, 909
11, 58, 941
-117, 275, 1049
-287, 527, 1173
-424, 715, 1158
-518, 859, 1140
-595, 969, 1185
-614, 936, 1242
-,-,-
360, -1129, 1034
408, -1167, 969
352, -971, 1053
303, -873, 914
193, -675, 970
121, -430, 963
94, -204, 886
94, -204, 886
10, -13, 1030
-151, 207, 1188
-297, 411, 1232
-412, 611, 1183
-502, 786, 1259
-565, 834, 1280
-,-,-
412, -1084, 1109
354, -1017, 1048
300, -870, 1000
214, -742, 1002
133, -551, 997
75, -340, 940
8, -97, 965
8, -97, 965
-106, 116, 1039
-287, 355, 1141
-484, 565, 1227
-582, 781, 1182
-629, 907, 1136
-641, 923, 1140
-,-,-
482, -1250, 1190
530, -1205, 1170
421, -1115, 1113
272, -933, 1042
176, -723, 992
176, -723, 992
72, -441, 935
-23, -178, 935
-120, 85, 985
-275, 291, 1111
-528, 560, 1255
-,-,-
480, -1186, 1212
457, -1143, 1149
346, -951, 1039
232, -775, 1013
121, -631, 922
121, -631, 922
33, -440, 913
-65, -228, 936
-156, 7, 940
-233, 203, 1009
-337, 446, 1144
-435, 671, 1212
-581, 860, 1233
-581, 860, 1233
-,-,-
261, -1019, 1239
373, -1025, 1167
433, -1119, 1108
399, -1036, 1104
375, -905, 1002
293, -739, 957
196, -502, 993
196, -502, 993
124, -251, 978
17, -18, 993
-126, 251, 1121
-298, 450, 1226
-449, 653, 1234
-570, 818, 1188
-,-,-
323, -857, 1108
378, -941, 1086
393, -941, 1042
319, -872, 1048
258, -782, 974
205, -592, 862
129, -362, 871
21, -111, 886
-122, 169, 968
-122, 169, 968
-319, 501, 1146
-560, 757, 1339
-720, 970, 1351
-718, 1091, 1243
-,-,-
320, -1122, 1146
320, -1122, 1146
314, -1017, 1139
260, -853, 1068
187, -660, 908
92, -460, 815
11, -221, 861
-66, -34, 873
-170, 200, 953
-344, 413, 1115
-566, 637, 1297
-566, 637, 1297
-716, 893, 1341
-753, 1043, 1266
-,-,-
339, -1113, 1422
333, -965, 1245
264, -749, 1041
200, -513, 930
200, -513, 930
132, -325, 795
36, -73, 793
-92, 215, 935
-239, 385, 1029
-419, 598, 1099
-656, 805, 1265
-793, 934, 1356
-792, 967, 1307
-,-,-
420, -1056, 1121
420, -1056, 1121
355, -957, 1089
277, -804, 1094
222, -717, 1052
176, -616, 911
102, -405, 846
15, -171, 884
-75, 51, 913
-184, 290, 1018
-351, 505, 1179
-549, 712, 1256
-549, 712, 1256
-686, 948, 1243
-,-,-
420, -1127, 1302
370, -1072, 1187
352, -920, 1110
272, -751, 978
191, -580, 900
124, -388, 790
124, -388, 790
18, -136, 815
-93, 83, 923
-198, 285, 1004
-326, 460, 1066
-491, 696, 1154
-586, 829, 1220
-639, 897, 1203
-609, 884, 1191
-,-,-
251, -1158, 1329
248, -1152, 1290
287, -1026, 1212
289, -916, 1098
282, -805, 960
240, -642, 839
178, -432, 807
88, -239, 821
-21, 23, 862
-21, 23, 862
-154, 300, 966
-339, 522, 1163
-528, 699, 1255
-,-,-
371, -1214, 1266
375, -1041, 1105
375, -1041, 1105
323, -931, 964
255, -812, 906
205, -671, 897
137, -497, 892
94, -312, 831
15, -96, 796
-93, 172, 867
-93, 172, 867
-255, 395, 1069
-460, 625, 1218
-611, 849, 1234
-,-,-
397, -1174, 1314
415, -1046, 1179
377, -986, 1017
377, -986, 1017
290, -830, 1017
195, -651, 951
147, -483, 832
102, -291, 802
55, -105, 814
-38, 116, 928
-209, 374, 1133
-413, 581, 1224
-413, 581, 1224
-,-,-
372, -1292, 1153
391, -1240, 1127
348, -1058, 1096
268, -893, 986
181, -687, 881
181, -687, 881
116, -433, 777
54, -161, 740
-53, 124, 824
-180, 414, 1014
-365, 678, 1235
-559, 861, 1354
-702, 1057, 1432
-,-,-
353, -1044, 1102
364, -979, 993
279, -788, 930
203, -661, 870
104, -505, 828
17, -259, 884
17, -259, 884
-44, -57, 910
-153, 155, 1049
-325, 346, 1259
-488, 537, 1398
-575, 730, 1399
-,-,-
233, -1090, 1204
248, -985, 1149
248, -985, 1149
202, -823, 1034
149, -673, 955
80, -516, 927
-28, -303, 922
-132, 14, 990
-219, 263, 1029
-362, 571, 1136
-543, 825, 1287
-665, 977, 1339
-665, 1048, 1255
-,-,-
425, -937, 1031
311, -793, 968
224, -563, 896
137, -361, 903
65, -206, 907
65, -206, 907
-40, 24, 972
-192, 293, 1139
-350, 499, 1262
-521, 653, 1367
-608, 826, 1397
-597, 900, 1250
-,-,-
387, -1015, 1137
471, -1062, 1057
429, -973, 968
337, -813, 955
229, -626, 942
138, -420, 930
40, -176, 943
40, -176, 943
-67, 106, 1031
-230, 376, 1162
-438, 588, 1261
-630, 824, 1302
-,-,-
369, -1164, 1201
297, -988, 1152
257, -808, 1021
186, -673, 953
94, -493, 939
21, -288, 906
21, -288, 906
-79, -49, 940
-190, 214, 1015
-349, 479, 1146
-560, 743, 1328
-672, 972, 1282
-659, 1073, 1168
-584, 1029, 1074
