-,-,-
156, -6, 941
111, 15, 1018
124, 9, 1023
124, 9, 1023
117, 14, 1018
127, 10, 1008
142, -2, 1009
124, 4, 999
124, 4, 999
113, 15, 1009
115, 20, 1003
134, 22, 988
134, 22, 988
147, 3, 985
129, 5, 1005
113, 15, 1007
117, 12, 1011
117, 12, 1011
125, 13, 1003
133, 5, 1000
131, -2, 997
123, 5, 1002
123, 5, 1002
123, 6, 1007
124, 10, 1002
120, 19, 1001
105, 43, 1028
105, 43, 1028
121, 32, 1028
-,-,-
96, -8, 1015
120, -14, 974
119, -1, 1030
123, 13, 1009
123, 13, 1009
141, 12, 986
153, -11, 966
152, -17, 1000
124, 7, 1016
117, 20, 996
117, 20, 996
129, 4, 996
141, -23, 995
120, 0, 1006
120, 0, 1006
107, 10, 1013
117, -9, 1012
132, -13, 994
142, -13, 989
142, -13, 989
126, 11, 997
124, 3, 1008
-,-,-
100, -15, 1019
100, -15, 1019
132, -29, 974
147, 0, 995
124, 16, 993
148, 21, 993
148, 21, 993
156, -4, 993
161, -28, 986
151, -11, 999
140, -5, 994
140, -5, 994
129, -3, 1004
126, 2, 1002
130, -3, 1004
143, -17, 994
143, -17, 994
146, -4, 1004
134, 22, 1011
-,-,-
98, 9, 1038
153, 10, 959
181, 5, 974
181, 5, 974
178, -17, 981
161, 6, 998
171, -9, 978
171, -9, 978
179, -18, 987
172, -13, 985
138, 8, 1003
119, 19, 1022
119, 19, 1022
141, 6, 1010
151, 6, 992
164, -5, 991
164, -5, 991
171, -4, 990
174, 3, 981
191, -4, 983
-,-,-
5, 19, 936
12, 19, 935
32, 5, 993
32, 5, 993
38, 8, 992
30, 27, 999
30, 27, 999
34, 45, 1021
34, 25, 998
34, 25, 998
36, 36, 1012
23, 28, 1020
23, 24, 1003
21, 35, 999
21, 35, 999
25, 26, 976
20, 33, 1000
20, 33, 1000
20, 29, 1004
24, 14, 996
21, 19, 1016
21, 19, 1016
22, 19, 1023
17, 28, 1036
16, 18, 1028
39, -8, 1002
39, -8, 1002
-,-,-
15, -1, 1037
15, -1, 1037
30, -7, 984
27, 2, 997
27, 2, 997
9, 7, 1032
19, -10, 1023
27, 2, 1006
27, 2, 1006
28, 0, 1001
18, -5, 1015
9, 24, 1021
9, 24, 1021
0, 16, 1008
3, -10, 987
3, -10, 987
-4, 8, 1015
4, 14, 1019
14, 11, 1001
14, 11, 1001
6, 11, 1006
13, 14, 1004
15, 20, 993
15, 20, 993
9, 14, 1008
10, 7, 1013
10, 7, 1013
-,-,-
32, -33, 1015
-2, 15, 1038
15, 34, 1007
15, 34, 1007
40, 0, 1025
70, 0, 1003
97, 12, 993
97, 12, 993
90, 0, 996
77, -3, 991
77, -3, 991
79, -2, 998
67, 8, 1001
50, 2, 1013
50, 2, 1013
41, 27, 1008
56, 6, 1006
54, 17, 1011
54, 17, 1011
43, 34, 1008
45, 21, 1010
61, 38, 1014
-,-,-
-12, -6, 1012
-1, -18, 1013
-1, -18, 1013
-9, -14, 1016
-9, -13, 1011
-10, -15, 1010
-9, -14, 1010
-9, -15, 1012
-9, -15, 1012
-10, -15, 1009
-10, -16, 1011
-8, -14, 1012
-9, -15, 1012
-9, -15, 1010
-10, -14, 1010
-10, -14, 1010
-12, -13, 1011
-9, -17, 1008
-,-,-
-18, -11, 1004
-3, -19, 1014
-9, -16, 1010
-9, -16, 1010
-12, -15, 1014
-9, -15, 1010
-10, -16, 1011
-10, -16, 1012
-9, -15, 1011
-9, -15, 1011
-10, -16, 1011
-9, -16, 1012
-10, -16, 1012
-10, -16, 1011
-11, -13, 1012
-8, -17, 1012
-,-,-
-10, -16, 1010
-10, -14, 1004
-9, -15, 1012
-11, -18, 1009
-9, -13, 1011
-11, -16, 1011
-10, -16, 1010
-10, -16, 1010
-10, -15, 1012
-10, -15, 1010
-10, -15, 1010
-9, -15, 1011
-9, -15, 1010
-9, -15, 1010
-9, -15, 1010
-10, -15, 1010
-12, -16, 1009
-,-,-
-14, -10, 1030
-5, -20, 985
-9, -15, 1011
-9, -13, 1011
-9, -13, 1011
-10, -14, 1011
-9, -15, 1010
-9, -14, 1011
-9, -14, 1011
-9, -14, 1010
-9, -14, 1010
-9, -15, 1010
-9, -15, 1011
-9, -13, 1011
-10, -15, 1009
-10, -15, 1012
-10, -15, 1012
-,-,-
29, -19, 999
69, -14, 981
69, -14, 981
46, -41, 983
42, -27, 1028
62, -19, 990
65, -17, 973
65, -17, 973
73, -22, 998
80, -35, 1010
71, -28, 1038
71, -28, 1038
74, -28, 1006
73, -33, 1016
72, -42, 1006
75, -42, 990
75, -40, 1006
75, -40, 1006
78, -51, 1011
80, -57, 1025
76, -46, 1011
-,-,-
40, -30, 1024
59, -54, 995
59, -54, 995
50, -75, 1009
36, -79, 1003
37, -76, 1027
32, -49, 1041
32, -49, 1041
35, -49, 1016
36, -55, 1013
33, -52, 1015
38, -55, 1011
32, -57, 1005
32, -57, 1005
31, -54, 995
29, -53, 1005
28, -62, 1011
-,-,-
-8, -5, 1003
-8, -5, 1003
-3, -3, 1009
-7, -4, 1013
-7, -5, 1010
-7, -5, 1010
-6, -5, 1011
-5, -4, 1011
-6, -4, 1011
-6, -5, 1011
-6, -5, 1011
-6, -5, 1009
-6, -5, 1013
-7, -4, 1008
-7, -4, 1008
-6, -1, 1010
-6, -7, 1013
-6, -5, 1009
-,-,-
-11, 0, 1004
-2, -12, 1016
-2, -12, 1016
-6, -8, 1004
-6, -5, 1017
-5, -4, 1008
-8, -9, 1011
-8, -9, 1011
-8, -7, 1010
-6, -7, 1010
-5, -6, 1013
-5, -6, 1013
-6, -6, 1009
-6, -6, 1009
-8, -4, 1009
-8, -4, 1009
-4, -6, 1011
-6, -6, 1011
-8, -10, 1011
-,-,-
86, -49, 967
110, -56, 925
114, -90, 1002
115, -91, 1020
112, -119, 1026
91, -114, 1024
92, -104, 1007
92, -104, 1007
95, -91, 991
99, -91, 996
101, -85, 996
101, -78, 981
101, -78, 981
96, -89, 995
92, -87, 1000
90, -88, 981
89, -97, 1003
86, -101, 1039
-,-,-
61, -114, 1010
85, -98, 988
85, -98, 988
76, -105, 1002
86, -133, 1039
79, -116, 1011
83, -112, 1001
62, -102, 998
60, -100, 993
60, -100, 993
76, -92, 977
82, -94, 983
86, -96, 981
81, -95, 986
81, -95, 986
75, -89, 979
68, -94, 983
67, -97, 993
67, -97, 993
-,-,-
21, -14, 1011
-25, 7, 1094
7, 0, 1033
7, 0, 1033
-3, 41, 1037
21, 17, 1049
21, 17, 1049
31, 12, 982
40, 25, 999
61, 21, 968
61, 21, 968
57, 47, 965
48, 43, 946
48, 43, 946
38, 62, 983
33, 55, 987
30, 63, 1003
30, 63, 1003
30, 55, 1024
-,-,-
-38, 27, 998
-30, 67, 1013
-1, 33, 1019
-1, 22, 1012
7, 14, 1004
7, 14, 1004
31, 26, 1006
39, 24, 1002
42, 30, 995
42, 30, 995
44, 34, 991
47, 43, 985
47, 43, 985
39, 54, 991
26, 55, 1004
20, 46, 998
20, 46, 998
17, 46, 1002
24, 40, 1002
21, 51, 1022
21, 51, 1022
35, 49, 1021
75, 17, 991
58, 0, 988
58, 0, 988
-,-,-
11, 15, 996
8, 46, 1021
8, 46, 1021
28, -2, 995
34, 23, 1032
34, 23, 1032
35, 44, 1027
37, 29, 988
25, 36, 1013
25, 36, 1013
27, 35, 1022
29, 44, 1016
34, 50, 996
34, 50, 996
37, 35, 992
31, 36, 1018
28, 31, 1019
28, 31, 1019
32, 33, 1001
35, 42, 1003
38, 36, 1008
50, 35, 1006
50, 35, 1006
58, 21, 981
-,-,-
-13, 51, 975
-20, 50, 996
-20, 50, 996
-16, 27, 1015
-15, 30, 1033
-2, 41, 999
-2, 41, 999
-4, 56, 1010
7, 32, 991
1, 26, 1010
1, 26, 1010
-1, 43, 1007
-2, 42, 1001
-10, 37, 1007
-10, 37, 1007
-15, 37, 1013
-7, 36, 1002
-5, 38, 997
-5, 38, 997
-9, 45, 1020
0, 39, 1004
30, 13, 957
30, 13, 957
11, 29, 998
-,-,-
23, 25, 962
1, 46, 991
1, 46, 991
-2, 43, 1033
0, 28, 1023
7, 22, 990
7, 22, 990
8, 39, 992
-1, 55, 1014
-1, 55, 1014
5, 36, 1007
15, 37, 987
12, 52, 1005
12, 52, 1005
12, 49, 1009
10, 54, 1000
11, 66, 995
11, 66, 995
4, 66, 1003
7, 51, 990
7, 51, 990
23, 35, 978
-,-,-
-38, 73, 998
-55, 70, 1025
-36, 54, 1026
-36, 54, 1026
-28, 57, 1032
-12, 57, 1008
-6, 52, 1017
-8, 44, 1022
-8, 44, 1022
5, 14, 1009
8, 31, 1013
7, 49, 1018
7, 49, 1018
0, 52, 1014
6, 49, 998
6, 49, 998
16, 48, 1005
10, 47, 1001
-,-,-
-51, 56, 1016
-31, 78, 954
-31, 65, 989
-53, 49, 1010
-53, 49, 1010
-46, 45, 1028
-49, 49, 1021
-37, 58, 999
-27, 71, 999
-27, 71, 999
-32, 48, 999
-33, 78, 1014
-22, 86, 988
-26, 82, 1000
-26, 82, 1000
-26, 72, 1017
-23, 62, 1024
-7, 43, 1014
8, 13, 1001
8, 13, 1001
-,-,-
-72, 80, 1013
-56, 61, 995
-40, 65, 1018
-32, 49, 1004
-32, 49, 1004
-26, 61, 1014
-16, 54, 1019
-20, 47, 1025
-8, 22, 1008
-4, 27, 1003
-4, 27, 1003
-3, 42, 1004
5, 35, 998
8, 36, 999
8, 36, 999
3, 47, 993
3, 47, 1008
-14, 44, 1008
-33, 51, 1017
-,-,-
-75, 38, 1022
-52, 41, 983
-37, 70, 1026
-37, 51, 1006
-37, 51, 1006
-34, 49, 1013
-34, 62, 1011
-32, 46, 1011
-12, 34, 988
-2, 11, 948
-2, 11, 948
-,-,-
-85, 78, 987
-67, 82, 986
-81, 80, 1015
-67, 60, 1021
-67, 60, 1021
-44, 42, 1022
-26, 62, 1030
-3, 69, 1010
12, 52, 982
12, 52, 982
15, 45, 998
25, 48, 1013
35, 52, 1001
35, 52, 1001
22, 84, 985
-,-,-
-46, 80, 980
-52, 98, 1028
-52, 98, 1028
-32, 88, 1037
-21, 83, 1019
-4, 80, 990
0, 106, 992
0, 106, 992
-3, 114, 994
-1, 65, 978
-1, 65, 978
-12, 60, 1000
-14, 84, 1008
-8, 74, 1000
-7, 82, 991
-7, 82, 991
-,-,-
-139, 131, 1000
-131, 94, 1002
-94, 108, 1028
-58, 132, 1017
-11, 86, 978
-3, 87, 990
-3, 87, 990
3, 80, 1009
20, 68, 1017
20, 68, 1017
39, 51, 998
23, 73, 1016
10, 72, 1021
10, 72, 1021
-1, 82, 1026
-13, 102, 1027
-,-,-
-43, 53, 986
-20, 72, 991
-38, 87, 1013
-38, 87, 1013
-31, 99, 1024
-28, 71, 1005
-28, 59, 1009
-30, 56, 1024
-18, 63, 1018
-18, 63, 1018
-8, 74, 995
-12, 84, 1011
-7, 60, 1002
-7, 60, 1002
11, 45, 994
15, 38, 986
-28, 69, 1028
-28, 69, 1028
-,-,-
-65, 61, 1001
-65, 61, 1001
-54, 62, 1048
-39, 86, 1033
-23, 79, 994
-12, 69, 999
-12, 69, 999
-6, 77, 1000
-2, 86, 1001
10, 76, 980
10, 76, 980
-9, 97, 994
-49, 112, 1007
-,-,-
-58, 62, 970
-50, 111, 1022
-50, 111, 1022
-53, 78, 997
-46, 74, 1012
-36, 63, 996
-39, 57, 1002
-45, 73, 1021
-45, 73, 1021
-38, 67, 1010
-25, 71, 995
-24, 66, 998
-26, 69, 1009
-26, 69, 1009
-30, 75, 1020
-34, 74, 1019
-30, 72, 999
-26, 87, 1003
-26, 87, 1003
-19, 97, 1004
-8, 118, 1019
-5, 113, 1006
-19, 23, 940
-,-,-
-50, 100, 970
-25, 86, 1024
-46, 86, 1015
-46, 86, 1015
-28, 77, 996
-23, 93, 1011
-17, 84, 1009
-5, 76, 996
-5, 76, 996
-9, 96, 1011
-11, 64, 1006
-17, 56, 1014
-17, 56, 1014
-21, 84, 1018
-22, 89, 1007
-27, 95, 1013
-25, 86, 1008
-12, 87, 1000
-12, 87, 1000
-,-,-
-50, 85, 995
-50, 82, 981
-38, 87, 976
-44, 104, 1022
-44, 104, 1022
-49, 82, 1036
-49, 45, 1025
-53, 51, 1026
-51, 85, 1003
-56, 101, 996
-56, 101, 996
-70, 118, 1010
-82, 108, 1014
-78, 81, 993
-81, 100, 1007
-75, 91, 994
-75, 91, 994
-71, 95, 1003
-64, 85, 994
-69, 99, 1015
-71, 100, 1034
-63, 99, 1028
-63, 99, 1028
-42, 120, 1021
-,-,-
-67, 71, 976
-38, 91, 1026
-38, 91, 1001
-38, 91, 1001
-38, 102, 990
-26, 90, 978
-19, 96, 978
-19, 86, 980
-19, 86, 980
-20, 95, 985
-18, 95, 989
-33, 105, 1001
-33, 105, 1001
-26, 97, 1004
-33, 89, 1020
-33, 85, 1012
-27, 82, 1010
-24, 92, 1018
-24, 92, 1018
-12, 84, 1011
-31, 112, 1029
-,-,-
-54, 85, 1055
-21, 80, 1020
-19, 47, 1038
-33, 73, 1071
-30, 56, 1079
-5, 27, 1042
-5, 27, 1042
2, 64, 1022
10, 72, 998
-1, 70, 983
-1, 70, 983
-4, 73, 960
-17, 95, 960
-17, 95, 960
-21, 109, 961
-31, 116, 986
-29, 105, 1003
-20, 81, 992
-20, 81, 992
-,-,-
-28, 63, 977
-42, 112, 981
-26, 109, 983
-70, 119, 1051
-61, 56, 1035
-61, 56, 1035
-53, 48, 1024
-45, 60, 1025
-43, 98, 1052
-22, 106, 1006
-11, 93, 980
-11, 93, 980
-18, 82, 1009
-23, 84, 1016
-17, 99, 1009
-11, 127, 1010
-11, 127, 1010
-8, 89, 954
-19, 73, 947
-,-,-
-46, 81, 992
-49, 72, 1031
-49, 72, 1031
-40, 81, 1018
-32, 105, 1030
-15, 123, 1019
-5, 100, 981
-10, 84, 996
-10, 84, 996
-10, 96, 1005
-1, 103, 993
-3, 106, 985
-10, 106, 986
-10, 102, 986
-21, 114, 1007
-21, 133, 998
-27, 141, 1010
-30, 128, 1016
-45, 121, 1047
-45, 121, 1047
-50, 118, 1060
-29, 110, 1025
-,-,-
-39, 86, 975
-48, 124, 1004
-48, 124, 1004
-56, 123, 1024
-60, 125, 1016
-47, 136, 996
-20, 101, 982
-13, 93, 1004
-3, 88, 1004
-3, 88, 1004
0, 92, 1002
5, 89, 1008
5, 89, 1008
-4, 81, 1011
-4, 78, 1024
-4, 87, 1026
3, 87, 1023
3, 96, 1023
6, 89, 994
-10, 53, 958
-,-,-
-50, 69, 951
-55, 94, 1052
-55, 94, 1052
-48, 98, 1014
-32, 94, 1027
-17, 71, 987
-30, 77, 1008
-39, 100, 1022
-39, 100, 1022
-37, 120, 992
-32, 115, 971
-26, 102, 985
-34, 98, 1003
-45, 99, 1018
-45, 99, 1018
-54, 100, 1028
-54, 108, 1050
-49, 105, 1055
-46, 82, 1010
-,-,-
-53, 65, 978
-65, 117, 1047
-43, 77, 994
-43, 77, 994
-50, 80, 1018
-40, 87, 1022
-32, 70, 1011
-30, 72, 1016
-30, 72, 1016
-33, 79, 1015
-24, 74, 1010
-19, 75, 1012
-27, 92, 1003
-19, 79, 975
-19, 79, 975
-20, 92, 988
-18, 89, 984
-23, 89, 997
-23, 89, 997
-29, 88, 1009
-21, 75, 1023
-19, 92, 1031
-50, 118, 1040
-,-,-
-50, 108, 1005
-37, 100, 997
-21, 68, 1009
-16, 99, 1022
-9, 104, 1007
-9, 104, 1007
-1, 88, 986
-6, 88, 1005
-16, 93, 1024
-9, 75, 990
-9, 75, 990
-22, 90, 1017
-14, 89, 996
-16, 93, 1001
-16, 93, 1001
-17, 85, 996
-23, 87, 1008
-16, 88, 1014
-16, 113, 1004
-19, 94, 969
-,-,-
-43, 70, 955
-22, 95, 1033
-22, 95, 1033
-30, 95, 1027
-26, 96, 1016
-21, 76, 994
-19, 81, 1010
-21, 103, 1009
-21, 103, 1009
-8, 99, 1003
4, 81, 980
-6, 100, 1008
-11, 104, 999
-11, 104, 999
-20, 85, 995
-16, 71, 998
-2, 63, 984
-2, 63, 984
-11, 86, 1001
-42, 95, 1007
-57, 94, 1002
-,-,-
-74, 82, 975
-49, 95, 1044
-36, 95, 1017
-36, 95, 1017
-19, 83, 1000
-14, 79, 1003
-13, 91, 1007
-10, 104, 1010
-9, 95, 992
-9, 95, 992
-13, 90, 989
-17, 82, 990
-17, 82, 990
-25, 97, 1012
-37, 105, 1021
-32, 95, 993
-28, 90, 986
-,-,-
-63, 115, 960
-35, 116, 1018
-40, 96, 1000
-40, 96, 1000
-39, 104, 1003
-20, 89, 979
-8, 97, 986
-16, 130, 1005
-16, 130, 1009
-19, 123, 1009
-20, 94, 988
-23, 100, 1011
-16, 100, 1007
-14, 90, 998
-19, 88, 1013
-19, 88, 1013
-18, 88, 1017
-21, 97, 1025
-23, 110, 1036
-21, 110, 1012
-30, 75, 979
-,-,-
-32, 113, 982
-32, 113, 982
-36, 101, 1009
-42, 86, 1024
-39, 90, 1019
-17, 88, 983
-25, 98, 1016
-25, 98, 1016
-18, 80, 1009
-15, 76, 994
-11, 86, 1001
-14, 93, 1003
-14, 93, 1003
-11, 98, 995
-13, 106, 998
-14, 107, 1003
-11, 106, 1026
-20, 77, 996
-20, 77, 996
-29, 62, 971
-,-,-
-69, 98, 996
-55, 90, 992
-32, 83, 1022
-36, 89, 1033
-35, 76, 1019
-35, 76, 1019
-4, 73, 1008
3, 78, 1016
8, 88, 1004
8, 88, 1004
8, 94, 984
-4, 116, 996
-14, 102, 989
-14, 102, 989
-24, 103, 1019
-31, 117, 1011
-,-,-
-50, 60, 945
-40, 103, 1048
-50, 116, 1018
-53, 98, 1020
-53, 98, 1020
-36, 84, 1004
-24, 87, 1003
-18, 82, 995
-13, 92, 999
-13, 92, 999
-14, 94, 991
-21, 93, 993
-18, 103, 982
-18, 103, 982
-30, 128, 989
-,-,-
-51, 92, 978
-51, 92, 978
-40, 101, 1006
-41, 96, 1009
-38, 85, 995
-3, 80, 967
-3, 80, 967
5, 79, 994
-8, 83, 1040
-8, 83, 1040
-1, 72, 1015
-2, 83, 995
-8, 89, 999
-8, 89, 999
-13, 91, 1006
-10, 110, 993
-30, 116, 989
-52, 85, 974
-,-,-
-77, 93, 994
-97, 105, 1024
-60, 102, 1029
-60, 102, 1029
-40, 110, 1014
-26, 90, 979
-28, 108, 1002
-26, 93, 1008
-26, 82, 999
-26, 82, 999
-32, 103, 1009
-36, 105, 997
-46, 119, 995
-53, 146, 991
-57, 162, 984
-57, 162, 984
-57, 133, 956
-,-,-
-87, 103, 968
-70, 119, 963
-66, 102, 1027
-69, 106, 1052
-50, 71, 1014
-27, 98, 1014
-27, 98, 1014
-6, 115, 995
-2, 119, 995
-7, 96, 974
-7, 96, 974
-27, 90, 1007
-53, 106, 1033
-65, 109, 1017
-72, 114, 1014
-71, 96, 1004
-71, 96, 1004
-67, 104, 1021
-45, 106, 1003
-36, 123, 1012
-,-,-
-60, 96, 1021
-54, 121, 999
-32, 104, 1003
-36, 89, 1012
-35, 104, 1042
-15, 106, 1008
-6, 90, 988
-6, 90, 988
-12, 92, 992
-11, 104, 988
-20, 109, 993
-20, 109, 993
-36, 108, 993
-44, 107, 1005
-40, 105, 1003
-31, 104, 995
-30, 88, 977
-30, 88, 977
-43, 99, 1009
-41, 95, 992
-49, 113, 1017
-,-,-
-65, 89, 1013
-28, 92, 979
-25, 115, 1010
-7, 115, 1003
-8, 94, 990
-8, 94, 990
-13, 93, 998
-16, 101, 1011
-17, 115, 1010
-17, 115, 1010
-23, 123, 998
-33, 105, 989
-45, 94, 1005
-39, 97, 1001
-37, 110, 998
-37, 110, 998
-36, 115, 993
-33, 107, 992
-31, 108, 1009
-30, 106, 1024
-27, 103, 1040
-11, 108, 1012
-11, 108, 1012
-,-,-
-47, 111, 1006
-47, 111, 1006
-46, 92, 1010
-48, 116, 1028
-45, 107, 1019
-25, 106, 1007
-27, 107, 1007
-18, 111, 990
-18, 111, 990
-13, 104, 976
-20, 101, 996
-24, 107, 1000
-31, 107, 999
-40, 103, 999
-40, 103, 999
-41, 107, 1005
-38, 104, 1006
-31, 104, 997
-22, 111, 998
-18, 118, 1008
-16, 125, 1014
-16, 125, 1014
-9, 120, 1013
-28, 101, 996
-,-,-
-76, 90, 1007
-74, 127, 997
-53, 93, 1020
-44, 108, 1025
-44, 108, 1025
-20, 87, 978
-3, 82, 976
-21, 112, 1017
-27, 111, 1000
-21, 92, 965
-21, 92, 965
-35, 109, 1002
-43, 98, 997
-50, 103, 1005
-51, 113, 1001
-47, 116, 1002
-47, 116, 1002
-49, 114, 1006
-45, 108, 1006
-35, 119, 993
-43, 115, 988
-70, 95, 997
-70, 95, 997
-,-,-
-90, 111, 968
-78, 101, 957
-74, 110, 1034
-57, 111, 1002
-34, 97, 955
-19, 101, 950
-19, 101, 950
-19, 91, 1002
-29, 95, 1028
-14, 81, 979
-20, 120, 1005
-36, 119, 1025
-36, 119, 1025
-41, 102, 1013
-24, 62, 989
-12, 65, 1022
-20, 104, 1018
-39, 129, 1002
-48, 105, 977
-48, 105, 977
-,-,-
-61, 74, 993
-61, 74, 993
-38, 58, 993
-32, 104, 1015
-18, 94, 992
-18, 94, 992
-14, 102, 990
-27, 105, 1006
-16, 88, 996
-9, 100, 999
1, 110, 992
1, 110, 992
-6, 109, 1003
-19, 92, 1004
-29, 92, 1015
-29, 92, 1015
-30, 91, 1008
-28, 105, 1005
-31, 117, 999
-48, 141, 1015
-,-,-
-71, 114, 963
-51, 107, 1032
-72, 88, 1032
-72, 88, 1032
-46, 87, 1025
-11, 73, 998
-2, 95, 1004
-10, 100, 1019
-10, 100, 1019
-12, 93, 1004
-16, 99, 1001
-25, 114, 1005
-29, 114, 997
-33, 108, 992
-33, 108, 992
-33, 104, 994
-30, 97, 993
-31, 97, 1007
-34, 103, 1007
-28, 121, 1006
-28, 121, 1006
-,-,-
-38, 89, 985
-69, 138, 1028
-69, 138, 1028
-51, 112, 996
-37, 104, 992
-22, 116, 993
-17, 131, 992
-16, 107, 993
-16, 107, 993
-19, 89, 1000
-28, 122, 1024
-34, 131, 1028
-35, 116, 1012
-34, 112, 1016
-23, 104, 1007
-26, 113, 1008
-26, 113, 1008
-23, 111, 1003
-28, 115, 1013
-35, 152, 1037
-12, 127, 958
1, 68, 905
1, 68, 905
-,-,-
-40, 106, 991
-54, 131, 1009
-61, 136, 1062
-54, 109, 1014
-35, 101, 992
-20, 112, 1005
-20, 112, 1005
-7, 111, 1011
-12, 129, 1001
-5, 110, 968
-14, 107, 985
-28, 113, 1000
-34, 115, 1004
-34, 115, 1004
-39, 115, 1001
-42, 104, 1001
-36, 105, 998
-23, 99, 985
-19, 115, 996
-19, 115, 996
-,-,-
-51, 141, 988
-68, 142, 1022
-68, 142, 1022
-78, 113, 1009
-66, 103, 1017
-46, 112, 1004
-41, 132, 1008
-41, 122, 998
-42, 112, 988
-42, 112, 988
-42, 117, 987
-50, 126, 1006
-61, 126, 1006
-66, 130, 1000
-64, 129, 1002
-56, 133, 999
-56, 133, 999
-52, 127, 995
-47, 125, 1003
-48, 126, 1016
-55, 129, 1034
-54, 159, 1040
-31, 121, 965
-31, 121, 965
-33, 81, 949
-,-,-
-61, 119, 995
-80, 153, 1020
-80, 153, 1020
-54, 147, 1003
-29, 124, 990
-27, 114, 1005
-20, 108, 1011
-19, 120, 1016
-15, 114, 994
-20, 116, 1004
-20, 116, 1004
-25, 123, 1004
-33, 116, 997
-40, 116, 996
-45, 123, 1012
-46, 127, 1021
-39, 127, 1014
-39, 127, 1014
-42, 151, 1007
-41, 174, 1019
-20, 143, 997
-14, 73, 971
-15, 55, 987
-,-,-
-38, 141, 1019
-25, 138, 987
-25, 138, 987
-24, 124, 978
-35, 123, 1013
-34, 126, 1026
-13, 111, 999
-8, 116, 989
-8, 116, 989
-12, 121, 988
-21, 130, 994
-33, 145, 1002
-50, 134, 994
-50, 134, 1000
-47, 127, 1000
-54, 136, 1014
-46, 135, 1009
-37, 115, 990
-27, 117, 1002
-23, 114, 1015
-22, 124, 1007
-22, 124, 1007
-20, 117, 989
-21, 113, 995
-22, 115, 1012
-26, 130, 1014
-,-,-
-47, 122, 971
-15, 142, 1012
-26, 130, 986
-26, 130, 986
-38, 129, 1015
-40, 119, 1019
-27, 126, 1007
-18, 128, 1008
-3, 116, 988
-3, 116, 988
-8, 114, 994
-10, 114, 999
-15, 126, 978
-20, 135, 974
-20, 135, 974
-47, 138, 985
-58, 144, 981
-56, 144, 981
-47, 132, 996
-47, 115, 1005
-47, 115, 1005
-42, 123, 1011
-30, 123, 999
-29, 118, 1025
-21, 114, 1031
-9, 119, 1006
-,-,-
-64, 138, 957
-38, 120, 999
-37, 125, 997
-37, 125, 997
-27, 138, 1005
-4, 126, 971
-17, 136, 994
-45, 134, 1014
-52, 116, 1006
-52, 116, 1006
-52, 110, 996
-51, 124, 1006
-45, 119, 996
-42, 125, 1002
-37, 121, 997
-42, 118, 1004
-42, 118, 1004
-38, 110, 1006
-31, 113, 998
-28, 125, 994
-20, 127, 988
-18, 116, 976
-,-,-
-70, 137, 993
-70, 137, 993
-70, 138, 960
-74, 141, 1002
-80, 131, 1016
-64, 111, 994
-44, 111, 986
-44, 111, 986
-35, 128, 1002
-33, 121, 995
-28, 121, 978
-41, 118, 987
-52, 118, 1000
-50, 111, 1000
-50, 111, 1000
-47, 119, 1008
-43, 123, 999
-37, 123, 989
-41, 121, 991
-,-,-
-61, 112, 1005
-55, 112, 974
-47, 120, 997
-49, 109, 978
-52, 134, 985
-52, 134, 985
-53, 133, 986
-65, 114, 1003
-80, 108, 1032
-61, 101, 1000
-55, 125, 1001
-57, 130, 1003
-57, 130, 1003
-62, 122, 998
-59, 108, 988
-65, 104, 1010
-68, 116, 1011
-61, 126, 1004
-56, 129, 1008
-56, 129, 1008
-52, 127, 1027
-55, 138, 1031
-41, 114, 975
-,-,-
-64, 116, 994
-64, 116, 994
-74, 148, 1015
-73, 116, 1000
-59, 96, 1009
-36, 94, 994
-18, 106, 991
-18, 106, 991
-18, 113, 985
-19, 112, 978
-36, 122, 996
-50, 106, 998
-57, 107, 1012
-57, 107, 1012
-57, 112, 1002
-51, 121, 1001
-51, 119, 990
-55, 101, 991
-69, 114, 1012
-68, 102, 1008
-,-,-
-71, 105, 986
-71, 105, 986
-66, 119, 1004
-57, 125, 992
-55, 120, 993
-50, 106, 990
-41, 92, 988
-41, 92, 988
-45, 102, 1008
-50, 107, 1007
-50, 120, 1004
-54, 120, 992
-52, 112, 980
-52, 112, 980
-65, 108, 1007
-71, 108, 1018
-62, 88, 992
-65, 125, 1021
-58, 136, 1002
-58, 136, 1002
-66, 144, 1012
-64, 165, 1006
-50, 117, 956
-59, 36, 957
-85, 103, 1011
-,-,-
-77, 114, 968
-89, 100, 1009
-89, 100, 1009
-80, 123, 1032
-80, 134, 1007
-48, 103, 980
-39, 110, 981
-42, 130, 1002
-36, 105, 991
-36, 105, 991
-46, 99, 993
-54, 115, 1015
-54, 111, 1003
-52, 115, 993
-55, 126, 997
-55, 126, 997
-57, 127, 997
-50, 108, 983
-35, 78, 980
-56, 99, 1010
-84, 120, 1028
-,-,-
-61, 102, 982
-61, 102, 982
-30, 101, 1003
-26, 116, 1001
-6, 94, 981
-15, 100, 998
-15, 100, 998
-10, 119, 1000
-20, 121, 996
-33, 126, 997
-45, 129, 1005
-49, 124, 1016
-49, 121, 1014
-49, 121, 1014
-44, 109, 1005
-39, 123, 1005
-37, 125, 998
-47, 129, 1016
-58, 144, 1028
-45, 144, 1009
-34, 132, 976
-34, 132, 976
-34, 105, 970
-,-,-
-51, 129, 1001
-51, 129, 1001
-72, 159, 1034
-46, 138, 1018
-41, 91, 1003
-16, 92, 994
-3, 123, 1014
-4, 127, 1015
-4, 127, 1015
0, 100, 986
-9, 110, 993
-14, 111, 1007
-27, 118, 1001
-27, 118, 1001
-41, 129, 997
-57, 157, 1011
-53, 167, 1024
-38, 123, 993
-28, 95, 971
-28, 95, 971
-,-,-
-68, 115, 988
-51, 113, 978
-34, 110, 1013
-45, 151, 1026
-27, 120, 1000
-21, 111, 1011
-21, 111, 1011
-13, 119, 1020
-6, 134, 1003
-2, 122, 977
-12, 125, 997
-6, 110, 979
-6, 110, 979
-14, 113, 967
-42, 135, 987
-,-,-
-52, 126, 1014
-61, 144, 1030
-48, 126, 995
-40, 143, 998
-40, 143, 998
-39, 90, 982
-47, 92, 1019
-25, 104, 1005
-15, 120, 996
-22, 131, 984
-22, 131, 984
-10, 75, 935
-13, 92, 966
-,-,-
-73, 126, 995
-45, 118, 974
-63, 123, 1023
-58, 117, 1017
-34, 122, 1001
-10, 124, 987
-12, 124, 994
-12, 124, 994
-24, 132, 1009
-25, 111, 993
-23, 116, 989
-25, 117, 1000
-39, 116, 1005
-39, 116, 1005
-43, 119, 1008
-42, 133, 1003
-41, 136, 1002
-42, 147, 1014
-31, 109, 989
-21, 72, 983
-21, 72, 983
-,-,-
-40, 82, 957
-51, 139, 1045
-40, 116, 1011
-32, 120, 1016
-32, 120, 1016
-27, 101, 989
-20, 110, 990
-10, 128, 989
-20, 130, 982
-28, 106, 976
-28, 106, 976
-35, 117, 1004
-34, 117, 1017
-36, 117, 1029
-30, 97, 1024
-17, 87, 1029
-10, 105, 1036
-10, 105, 1036
6, 123, 999
-3, 115, 973
-,-,-
-2, 83, 984
-2, 83, 984
-30, 136, 1014
-30, 127, 1025
-33, 92, 990
-26, 96, 1003
-26, 96, 1003
-12, 93, 1015
-7, 109, 1009
6, 80, 983
6, 80, 983
0, 79, 1011
-1, 93, 1015
-3, 103, 1007
-3, 103, 1007
-8, 84, 991
-5, 92, 1005
-4, 110, 1000
-19, 119, 1029
-19, 119, 1029
-26, 145, 1026
-27, 102, 966
-,-,-
4, 5, 1000
-5, 6, 1033
-5, 6, 1033
-1, 1, 1030
24, -37, 973
49, -15, 1003
49, -15, 1003
61, -29, 1001
55, -44, 1006
71, -62, 979
68, -20, 994
68, -20, 994
50, 15, 988
33, 60, 979
31, 2, 956
31, 2, 956
16, -92, 940
9, -28, 1026
13, 6, 1031
-,-,-
109, 41, 998
109, 41, 998
178, 28, 951
190, 12, 998
224, -38, 987
231, 15, 964
231, 15, 964
225, 53, 987
233, 34, 969
246, -27, 955
210, 26, 989
210, 26, 989
209, 30, 990
207, 48, 980
209, 68, 962
209, 68, 962
253, -32, 882
-,-,-
121, 59, 1009
121, 59, 1009
99, 21, 1040
109, 24, 999
118, 61, 985
118, 61, 985
171, 46, 939
190, 18, 983
173, 14, 980
141, 19, 993
141, 19, 993
125, 38, 1009
145, 8, 970
152, 8, 990
152, 8, 990
169, 12, 946
149, 36, 983
94, 86, 1026
94, 86, 1026
-,-,-
94, -9, 975
94, -9, 975
91, 44, 1039
117, 67, 997
174, 26, 943
174, 26, 943
222, -16, 913
202, 1, 1004
169, 33, 991
158, -2, 970
158, -2, 970
132, -20, 978
80, 34, 1047
73, 54, 1034
73, 54, 1034
92, 39, 998
114, 2, 990
122, 3, 1016
122, 3, 1016
122, 38, 1002
107, 80, 1010
-,-,-
70, 78, 975
70, 78, 975
122, 22, 977
138, 32, 970
138, 32, 970
132, 39, 1017
121, 67, 1004
130, 27, 969
127, 0, 1016
127, 0, 1016
134, 12, 982
138, 45, 984
142, 33, 984
129, -1, 1008
129, -1, 1008
98, 35, 1029
89, 67, 1002
99, 84, 1022
99, 84, 1022
116, 105, 994
-,-,-
59, 60, 1027
81, 103, 1003
134, 13, 924
134, 13, 924
132, 12, 1025
137, 57, 998
134, 65, 997
168, 12, 945
168, 12, 945
175, -13, 987
140, 57, 1014
118, 107, 1000
135, 31, 976
135, 31, 976
138, 16, 1015
142, 56, 980
147, 75, 980
147, 75, 980
148, 105, 972
-,-,-
32, 49, 1014
32, 49, 1014
53, 59, 1023
71, 80, 1002
81, 74, 1012
137, -18, 945
137, -18, 945
150, -2, 1000
125, 72, 983
124, 74, 1009
152, -20, 939
152, -20, 939
143, 0, 1001
130, 45, 985
121, 75, 1016
104, 137, 1018
104, 137, 1018
122, 106, 959
-,-,-
76, 68, 1021
81, 94, 1009
129, 27, 972
129, 27, 972
144, 21, 990
164, 24, 962
155, 43, 972
155, 43, 972
149, 51, 974
172, 28, 963
190, -9, 946
190, -9, 946
173, 13, 993
164, 49, 962
172, 77, 941
166, 78, 924
166, 78, 924
-,-,-
60, 99, 998
98, 88, 980
135, 44, 972
156, 22, 1005
156, 22, 1005
146, 45, 994
147, 50, 959
145, 44, 993
143, 22, 997
143, 22, 997
144, 21, 989
131, 54, 991
127, 79, 1008
144, 59, 981
144, 59, 981
166, 26, 981
162, 61, 966
152, 105, 972
152, 105, 972
126, 141, 984
-,-,-
25, 64, 1067
25, 64, 1067
23, 184, 1051
109, 131, 857
183, -2, 959
185, 8, 1021
185, 8, 1021
155, 102, 980
128, 123, 978
131, 37, 984
115, 36, 1023
115, 36, 1023
109, 85, 1008
132, 93, 991
152, 54, 971
152, 31, 975
152, 31, 975
135, 51, 993
119, 68, 989
108, 97, 979
-,-,-
101, 72, 978
101, 42, 1017
101, 42, 1017
112, 27, 1019
101, 61, 992
116, 77, 976
125, 65, 994
125, 65, 994
136, 55, 1008
150, 18, 958
136, 29, 993
136, 29, 993
133, 68, 983
138, 64, 998
136, 65, 983
138, 52, 987
138, 52, 987
152, 35, 973
141, 61, 991
109, 106, 1023
-,-,-
84, 49, 1017
65, 55, 1016
65, 55, 1016
99, 72, 965
130, 75, 1000
176, 57, 973
176, 57, 973
215, 20, 919
203, 21, 964
174, 37, 972
152, 70, 972
152, 70, 972
155, 53, 943
152, 9, 970
-,-,-
36, 101, 1095
82, 48, 936
82, 48, 936
106, 65, 944
96, 105, 1032
136, 88, 968
136, 88, 968
158, 74, 934
167, 15, 962
137, 4, 1009
137, 4, 1009
100, 64, 998
82, 89, 1006
91, 82, 1014
91, 82, 1014
108, 88, 1001
137, 74, 977
160, 35, 959
-,-,-
82, 87, 967
67, 130, 1020
88, 72, 1008
88, 72, 1008
120, 31, 996
129, 16, 982
129, 79, 1010
129, 79, 1010
153, 88, 967
187, 54, 955
213, -42, 927
171, 9, 996
171, 9, 996
129, 68, 977
120, 101, 997
120, 131, 995
120, 131, 995
-,-,-
46, 85, 1040
46, 158, 1045
133, 103, 948
133, 103, 948
195, 10, 960
203, 18, 962
183, 61, 883
188, 102, 1015
188, 102, 1015
200, 63, 978
187, 101, 962
201, -15, 916
163, -32, 972
76, 94, 1028
-,-,-
81, 83, 1047
66, 33, 1059
66, 33, 1059
71, 135, 993
111, 145, 970
192, 53, 933
226, 39, 911
226, 39, 911
219, 32, 952
182, 28, 999
144, 20, 982
144, 20, 982
98, 91, 1039
114, 119, 1028
164, 110, 1006
192, 104, 969
194, 96, 971
194, 96, 971
191, 51, 950
194, 1, 935
167, 14, 971
-,-,-
76, 83, 1010
54, 96, 1016
70, 170, 1062
140, 148, 1008
140, 148, 1008
250, -8, 857
281, -8, 860
259, 20, 953
214, 78, 983
214, 78, 983
184, 113, 951
175, 54, 972
149, 87, 1013
156, 112, 989
156, 112, 989
160, 123, 988
-,-,-
90, 78, 1002
97, 46, 1010
77, 82, 1057
128, 70, 957
178, 61, 969
178, 61, 969
216, 49, 963
218, 73, 978
200, 56, 968
200, 56, 968
185, -15, 961
146, 50, 1009
160, 81, 980
205, 53, 971
205, 53, 971
214, 24, 946
171, 60, 998
153, 74, 998
153, 74, 998
150, 77, 1006
152, 89, 986
-,-,-
78, 19, 1001
119, 70, 1006
119, 70, 1006
118, 86, 1006
137, 16, 990
150, -5, 974
160, 59, 1001
160, 59, 1001
170, 64, 987
182, 17, 965
187, -26, 955
122, 62, 992
122, 62, 992
119, 79, 1021
106, 64, 1038
89, 77, 1005
95, 98, 939
-,-,-
70, 87, 903
55, -60, 1334
55, -60, 1334
60, -170, 1430
134, 46, 897
138, 181, 768
136, 88, 994
123, 0, 1090
123, 0, 1090
121, -10, 963
103, 24, 979
115, 48, 985
115, 48, 985
133, 70, 980
123, 106, 976
124, -2, 952
71, -37, 1042
71, -37, 1042
-,-,-
57, 39, 1032
57, 39, 1032
54, 52, 1052
64, 26, 987
71, 33, 1013
78, 72, 1008
78, 72, 1008
89, 86, 984
126, 32, 956
148, 5, 982
148, 5, 982
141, 22, 972
115, 56, 978
115, 56, 998
71, 72, 998
44, 58, 1024
36, 68, 1032
35, 94, 1020
-,-,-
52, 95, 937
52, 36, 1009
68, 60, 1074
68, 60, 1074
63, 84, 1020
83, 76, 958
117, 100, 921
117, 100, 921
142, 101, 973
152, 91, 969
127, 72, 979
101, 114, 989
101, 114, 989
86, 137, 967
70, 152, 1002
53, 147, 1007
-,-,-
27, 112, 993
17, 79, 1001
51, 61, 994
51, 61, 994
89, 44, 1008
108, 54, 973
100, 101, 971
100, 101, 971
96, 96, 963
106, 35, 991
88, 56, 1011
88, 56, 1011
73, 92, 987
64, 119, 990
54, 167, 985
54, 167, 985
87, 33, 931
72, -44, 1041
13, 57, 1066
-,-,-
29, 101, 981
32, 50, 1007
53, 61, 1013
53, 61, 1013
56, 69, 1006
63, 93, 964
86, 94, 966
86, 94, 966
101, 65, 991
98, 40, 993
98, 40, 993
76, 73, 992
72, 109, 978
59, 139, 1005
-,-,-
31, 28, 981
52, 31, 996
76, 51, 1000
76, 51, 1000
62, 80, 1021
73, 56, 966
73, 56, 1006
73, 56, 1006
87, 53, 997
87, 50, 989
82, 60, 991
82, 60, 991
85, 69, 998
84, 65, 1006
76, 76, 1005
76, 76, 1005
80, 100, 1008
120, 13, 934
108, -21, 996
108, -21, 996
-,-,-
31, 76, 968
46, 22, 1008
70, 26, 1026
56, 62, 1022
56, 62, 1022
56, 64, 986
77, 61, 966
107, 68, 995
107, 68, 995
104, 53, 1009
83, 53, 1000
67, 55, 996
67, 55, 996
71, 57, 1000
90, 88, 991
104, 123, 1000
104, 123, 1000
102, 34, 954
-,-,-
76, 6, 998
79, 23, 991
60, 87, 1026
60, 87, 1026
51, 94, 1005
84, 57, 963
107, 23, 995
107, 23, 995
99, 34, 1007
69, 81, 1003
77, 70, 993
77, 70, 993
85, 47, 1007
90, 53, 990
94, 52, 1000
94, 52, 1000
93, 86, 1003
103, 78, 969
90, -46, 988
90, -46, 988
-,-,-
65, 60, 1000
117, -17, 952
98, 28, 1043
53, 50, 1013
53, 50, 1013
51, 77, 1000
104, 24, 950
117, 30, 1014
117, 30, 1014
108, 66, 1001
106, 30, 987
82, 45, 1011
88, 61, 997
88, 61, 997
91, 72, 1011
103, 113, 1000
141, 15, 940
141, 15, 940
125, -112, 998
35, 52, 1039
-,-,-
47, 73, 1019
57, 34, 971
60, 29, 1053
59, 44, 1010
59, 44, 1010
78, 24, 971
93, 49, 1000
107, 79, 984
103, 56, 1006
103, 56, 1006
101, 29, 1005
101, 58, 999
108, 53, 979
107, 94, 1006
107, 94, 1006
109, 113, 990
125, -15, 939
111, -110, 996
25, 0, 1067
-,-,-
48, 54, 998
48, 54, 998
79, 29, 992
90, 54, 993
90, 54, 993
94, 60, 996
109, 15, 998
101, 33, 982
101, 33, 982
90, 44, 996
90, 41, 1014
85, 53, 1005
85, 53, 1005
95, 37, 993
101, 23, 1000
92, 45, 996
92, 45, 996
82, 70, 1002
72, 75, 998
86, -27, 976
-,-,-
95, 0, 965
95, 0, 965
98, 53, 1001
81, 113, 1003
88, 57, 993
88, 57, 993
101, 30, 1000
114, 14, 979
92, 48, 1013
92, 48, 1013
82, 67, 1002
99, 38, 993
109, 20, 994
109, 20, 994
101, 34, 1008
92, 63, 1000
88, 62, 1007
91, 77, 1008
91, 77, 1008
100, 75, 984
-,-,-
71, 61, 961
80, 85, 1024
80, 85, 1024
65, 81, 1021
83, 27, 976
108, 4, 995
108, 4, 995
108, 51, 998
93, 114, 992
98, 93, 997
98, 93, 997
124, -31, 975
85, 39, 1031
77, 73, 995
77, 73, 995
94, 76, 1014
107, 103, 986
128, 50, 972
128, 50, 972
135, -80, 1002
80, 5, 1026
57, 70, 973
-,-,-
84, 79, 1022
84, 79, 1022
109, 26, 963
88, 49, 1009
98, 24, 993
98, 24, 993
104, 32, 1010
89, 69, 975
92, 88, 997
92, 88, 997
128, 46, 986
148, -10, 964
122, 40, 991
122, 40, 991
102, 56, 1006
73, 70, 1048
85, 104, 993
90, 93, 984
-,-,-
74, -2, 1132
161, -45, 999
160, 0, 964
124, 3, 960
124, 3, 960
105, -14, 1022
77, 38, 1006
67, 59, 1043
67, 59, 1043
94, 31, 992
114, 34, 1004
141, 44, 988
141, 44, 988
152, 57, 987
151, 68, 974
156, -7, 940
124, -101, 988
124, -101, 988
50, 8, 1053
24, 78, 1033
-,-,-
122, 7, 964
109, 38, 1017
109, 38, 1017
115, 48, 1013
134, 22, 994
165, -4, 975
172, 8, 976
172, 8, 976
165, 40, 989
161, 46, 993
170, 27, 980
170, 27, 980
164, 27, 998
150, 38, 1012
172, 40, 990
172, 40, 990
191, 20, 955
-,-,-
155, -34, 970
174, -38, 974
174, -38, 974
161, 37, 998
150, 72, 996
153, 61, 1008
180, 9, 973
180, 9, 973
193, -1, 1000
187, 31, 980
159, 59, 968
-,-,-
142, -20, 1007
127, 35, 977
118, 38, 1041
121, 48, 1000
172, -11, 949
179, -17, 975
179, -17, 975
147, 51, 991
138, 50, 1014
140, 39, 1002
165, 39, 984
165, 39, 984
182, 19, 966
-,-,-
141, 32, 1001
141, 32, 1001
152, 3, 982
149, 36, 966
125, 68, 1000
132, 52, 991
132, 52, 991
139, 34, 993
135, 22, 993
146, 24, 983
146, 24, 983
143, 42, 989
137, 51, 986
131, 65, 1014
134, 45, 1000
-,-,-
153, -56, 975
147, -42, 977
101, 68, 1019
99, 92, 1026
138, 31, 975
138, 31, 975
177, -25, 976
154, 20, 990
141, 64, 1015
155, 54, 988
155, 54, 988
175, 22, 977
177, 19, 982
172, 21, 978
172, 21, 978
165, 42, 982
151, 47, 990
-,-,-
161, -48, 991
119, 26, 1010
133, 47, 1001
152, 28, 970
152, 28, 970
166, 7, 971
161, 5, 987
161, 5, 987
164, 34, 1005
152, 51, 994
154, 33, 997
160, 25, 992
160, 25, 992
157, 39, 993
158, 41, 983
-,-,-
131, 2, 995
162, 4, 972
151, 50, 996
149, 38, 991
149, 38, 991
161, 7, 970
171, 3, 979
167, 39, 989
167, 39, 989
152, 47, 1002
149, 26, 993
149, 30, 1001
149, 30, 993
154, 39, 993
152, 40, 994
158, 35, 1000
161, 35, 999
-,-,-
125, 27, 989
138, 39, 1014
157, 31, 982
157, 31, 982
163, 43, 986
163, 5, 967
175, 13, 981
175, 13, 981
164, 28, 987
153, 41, 999
148, 38, 993
148, 38, 993
159, 29, 992
161, 40, 997
-,-,-
152, -5, 1011
152, 19, 977
145, 47, 995
135, 31, 1004
135, 31, 1004
137, 32, 998
158, 34, 978
164, 31, 990
163, 28, 991
163, 28, 991
158, 18, 996
153, 31, 994
148, 40, 1002
148, 40, 1002
149, 47, 994
157, 42, 991
160, 46, 1001
152, 33, 995
-,-,-
152, 13, 1014
101, 83, 1015
156, 60, 991
185, 35, 984
185, 35, 984
196, -14, 959
154, -7, 974
144, 46, 1020
144, 46, 1020
157, 63, 1011
179, 44, 980
184, 25, 967
173, 12, 986
173, 12, 986
152, 47, 991
151, 47, 989
150, 49, 1009
-,-,-
108, -6, 1009
118, 31, 1013
143, 58, 1020
146, 60, 1008
169, 74, 928
169, 74, 928
194, 28, 947
182, 18, 1003
159, 53, 996
155, 55, 998
155, 55, 998
158, 38, 994
171, 28, 990
166, 45, 989
166, 45, 989
158, 56, 1001
162, 54, 997
170, 58, 993
176, 2, 959
-,-,-
178, -40, 992
148, 23, 974
148, 23, 974
147, 81, 1018
148, 64, 979
171, 22, 967
171, 22, 967
179, 9, 985
165, 49, 998
166, 48, 990
166, 48, 990
167, 31, 985
169, 38, 990
171, 44, 989
167, 44, 992
167, 61, 992
-,-,-
158, 5, 1002
158, 5, 1002
145, 58, 995
147, 45, 990
149, 20, 987
149, 20, 987
172, -15, 970
165, 33, 1007
154, 65, 995
169, 36, 988
169, 36, 988
180, 5, 981
174, 29, 992
170, 45, 993
170, 45, 993
168, 40, 999
180, 26, 990
201, 19, 981
201, 19, 981
179, 34, 978
162, 25, 966
-,-,-
153, 27, 979
185, -18, 951
187, 23, 1001
156, 63, 992
163, 54, 984
163, 54, 984
189, 22, 978
193, 18, 987
182, 38, 987
182, 38, 987
187, 15, 980
186, 29, 992
175, 34, 961
175, 34, 961
-,-,-
161, -35, 947
166, -26, 1008
161, 63, 979
161, 63, 979
170, 54, 989
173, 17, 989
162, 30, 996
162, 30, 996
165, 20, 992
157, 14, 995
161, 29, 986
161, 29, 986
171, 22, 993
170, 37, 994
170, 36, 986
181, 5, 984
181, 5, 984
179, -5, 987
150, 16, 1000
-,-,-
112, 56, 1034
112, 56, 1034
99, 65, 1119
113, 46, 951
145, -8, 963
157, 7, 1005
157, 7, 1005
141, 70, 1011
154, 76, 978
199, -9, 961
205, -22, 1006
205, -22, 1006
176, 60, 972
144, 131, 973
108, 189, 1038
-,-,-
89, 73, 1011
102, 58, 989
143, 27, 976
143, 27, 976
157, 29, 1017
163, 29, 987
170, 53, 997
170, 53, 997
170, 72, 981
188, 33, 959
191, 0, 985
191, 0, 985
177, 55, 982
174, 103, 974
174, 85, 942
160, -26, 947
-,-,-
68, 79, 1025
82, 51, 974
110, 29, 1009
120, 65, 1008
120, 65, 1008
154, 58, 947
182, 71, 975
184, 76, 959
168, 41, 985
168, 41, 985
141, 12, 1008
129, 63, 993
138, 79, 985
138, 79, 985
128, 125, 992
-,-,-
89, 103, 1012
89, 103, 1012
83, 89, 1001
131, 44, 974
169, 1, 972
162, 57, 1006
162, 57, 1006
140, 99, 983
147, 92, 979
165, 1, 972
165, 1, 972
148, 27, 1013
137, 64, 986
140, 72, 1004
150, 98, 981
150, 98, 981
150, 82, 975
135, 1, 977
-,-,-
133, 68, 992
132, 48, 996
137, 44, 1004
130, 53, 988
130, 53, 988
145, 43, 955
144, 70, 1017
132, 124, 1012
159, 84, 954
159, 84, 954
193, -5, 976
199, -12, 963
163, 52, 963
163, 52, 963
116, 132, 1004
-,-,-
66, 64, 1019
78, 75, 1010
116, 88, 964
125, 113, 993
125, 113, 993
146, 84, 975
162, 24, 962
152, 37, 976
136, 94, 994
136, 94, 994
119, 111, 994
135, 67, 976
143, 43, 1000
135, 81, 991
135, 81, 991
124, 100, 998
115, 124, 1011
106, 116, 994
108, 16, 969
108, 16, 969
-,-,-
112, 40, 988
110, 23, 1019
110, 23, 1019
110, 80, 1009
127, 122, 969
169, 97, 963
201, 43, 952
201, 43, 952
189, 45, 976
156, 64, 983
132, 102, 1001
147, 83, 970
147, 83, 970
167, 8, 980
157, 52, 986
131, 79, 967
131, 79, 967
-,-,-
83, 43, 979
96, 69, 1031
96, 69, 1031
95, 98, 1011
103, 96, 992
138, 59, 965
131, 80, 998
131, 80, 998
127, 101, 978
142, 33, 986
125, 71, 999
125, 71, 999
124, 90, 991
137, 91, 990
143, 93, 981
152, 66, 976
152, 66, 976
148, 57, 977
117, 69, 990
86, 81, 998
-,-,-
58, 36, 1014
69, 116, 1047
72, 100, 981
72, 100, 981
112, 61, 970
148, 41, 976
138, 73, 984
138, 73, 984
108, 81, 1003
106, 63, 993
103, 55, 1001
101, 74, 997
101, 74, 997
111, 86, 998
114, 85, 996
117, 83, 990
117, 83, 990
124, 63, 991
106, 40, 981
68, 50, 1002
-,-,-
77, 34, 1006
77, 34, 1006
85, 110, 986
100, 74, 971
122, 66, 1003
127, 72, 974
127, 72, 974
125, 66, 996
123, 46, 987
109, 75, 999
109, 75, 999
107, 80, 1007
114, 88, 998
139, 67, 973
129, 41, 978
129, 41, 978
-,-,-
99, 23, 983
59, 90, 1049
95, 78, 993
95, 78, 993
112, 61, 987
152, 16, 952
151, 43, 989
151, 43, 989
131, 68, 988
117, 72, 1006
122, 73, 998
122, 73, 998
130, 79, 997
126, 42, 976
103, 9, 998
-,-,-
67, 27, 1013
84, 43, 1004
91, 67, 1004
111, 34, 983
111, 34, 983
129, 68, 1003
129, 83, 971
131, 61, 997
132, 26, 984
132, 26, 984
123, 14, 1000
104, 51, 1004
103, 78, 997
104, 104, 988
104, 104, 988
-,-,-
80, 74, 1023
92, 20, 979
114, -3, 995
114, -3, 995
101, 55, 1006
108, 103, 1004
131, 73, 986
158, 33, 973
158, 33, 973
148, 11, 983
116, 52, 1006
105, 72, 1003
117, 74, 997
117, 74, 997
133, 79, 987
133, -2, 965
-,-,-
86, 76, 988
97, 22, 1003
116, 51, 992
116, 51, 992
118, 70, 1003
131, 44, 980
128, 47, 991
128, 47, 991
122, 50, 1000
117, 58, 1002
118, 60, 996
121, 48, 995
121, 48, 995
118, 52, 996
114, 45, 998
111, 49, 1004
104, 72, 1009
104, 72, 1009
104, 81, 1000
118, 73, 998
-,-,-
100, 42, 988
104, 56, 1013
131, 59, 987
131, 59, 987
120, 73, 983
136, 51, 977
136, 26, 981
136, 26, 981
127, 48, 1005
122, 78, 992
129, 73, 995
129, 56, 992
129, 56, 992
132, 18, 993
102, 55, 1005
91, 72, 998
-,-,-
54, 43, 1050
54, 43, 1050
62, 100, 962
110, 78, 961
157, 64, 992
157, 64, 992
170, 49, 973
144, 28, 961
122, 63, 1007
124, 78, 1006
124, 78, 1006
122, 75, 990
128, 47, 986
129, 38, 990
117, 64, 988
117, 64, 988
110, 76, 994
-,-,-
81, 85, 988
105, 59, 1025
105, 59, 1025
125, 65, 983
136, 65, 973
128, 79, 1014
141, 66, 960
141, 66, 960
153, 65, 982
142, 61, 991
135, 49, 994
134, 63, 996
134, 63, 996
142, 71, 972
136, 90, 973
110, 88, 1006
-,-,-
123, 23, 967
129, 40, 1015
129, 40, 1015
102, 54, 997
93, 98, 1002
139, 89, 970
151, 78, 994
151, 78, 994
139, 63, 989
121, 68, 999
116, 61, 1001
116, 61, 1001
111, 70, 1012
121, 81, 991
138, 85, 979
145, 66, 979
145, 66, 979
124, 24, 986
-,-,-
123, 28, 962
82, 123, 1039
82, 123, 1039
108, 96, 975
134, 54, 1007
155, 27, 957
154, 59, 969
154, 59, 969
140, 96, 997
138, 92, 994
137, 72, 989
137, 72, 989
135, 55, 990
127, 46, 991
113, 76, 1001
115, 79, 996
-,-,-
71, 51, 1043
109, 69, 960
161, 73, 983
165, 85, 986
148, 44, 973
148, 44, 973
124, 63, 995
124, 90, 991
142, 84, 1001
142, 84, 1001
154, 82, 971
169, 53, 977
156, 26, 964
108, 69, 1001
-,-,-
85, 95, 959
68, 96, 1044
108, 68, 1003
108, 68, 1003
112, 42, 990
131, 37, 968
141, 63, 984
134, 91, 985
134, 91, 985
128, 74, 991
128, 56, 1000
117, 74, 998
117, 74, 998
113, 75, 1008
130, 80, 990
146, 93, 965
128, 90, 978
-,-,-
116, 58, 988
106, 74, 992
106, 74, 992
105, 95, 1003
97, 79, 1005
138, 35, 975
140, 57, 975
140, 57, 975
131, 91, 997
122, 103, 1000
127, 82, 985
127, 82, 985
128, 68, 994
132, 68, 984
124, 82, 990
104, 95, 990
-,-,-
91, 60, 1001
103, 69, 987
109, 61, 986
101, 67, 999
101, 67, 999
115, 84, 1000
140, 68, 986
142, 71, 982
135, 64, 980
135, 64, 980
125, 46, 998
106, 72, 1001
112, 68, 1009
123, 70, 994
123, 70, 994
139, 64, 979
135, 60, 985
118, 59, 1002
-,-,-
128, 13, 984
129, 39, 994
129, 39, 994
88, 117, 997
96, 88, 1007
134, 37, 978
134, 37, 978
140, 37, 976
142, 71, 980
132, 77, 997
114, 89, 1000
114, 89, 1000
122, 56, 991
125, 45, 993
117, 69, 992
112, 83, 996
112, 83, 996
-,-,-
102, 37, 978
102, 37, 978
97, 30, 991
96, 63, 1016
90, 100, 1009
90, 100, 1009
126, 90, 968
150, 30, 995
114, 55, 993
109, 75, 993
109, 75, 993
122, 55, 994
131, 72, 995
135, 77, 988
135, 77, 988
136, 89, 998
136, 91, 973
127, 20, 970
127, 20, 970
-,-,-
90, 81, 998
105, 45, 974
104, 57, 1007
100, 87, 995
100, 87, 995
111, 82, 987
139, 47, 974
136, 60, 996
123, 77, 986
123, 77, 986
118, 62, 992
111, 55, 991
105, 62, 999
105, 62, 999
101, 77, 998
104, 73, 997
112, 71, 1007
-,-,-
68, 82, 1009
68, 82, 1009
61, 98, 1001
104, 82, 985
156, 11, 954
156, 11, 954
159, 34, 973
127, 70, 1003
99, 103, 1019
108, 59, 994
108, 59, 994
123, 6, 994
115, 61, 994
120, 67, 999
120, 67, 999
123, 76, 993
127, 93, 991
130, 84, 989
127, -27, 973
-,-,-
126, 33, 986
114, 72, 973
114, 72, 973
112, 108, 1003
116, 58, 997
122, 27, 992
122, 27, 992
144, 38, 977
133, 62, 1015
115, 65, 1001
127, 52, 990
127, 52, 990
135, 47, 994
148, 77, 989
145, 76, 992
141, 76, 988
141, 76, 988
160, 11, 974
140, 17, 1001
113, 56, 973
-,-,-
76, 35, 1009
113, 2, 983
116, 37, 1017
96, 110, 994
96, 110, 994
132, 86, 977
154, -12, 976
130, 41, 1004
102, 84, 997
102, 84, 997
107, 67, 1021
128, 21, 982
139, 32, 993
132, 58, 987
132, 58, 987
129, 60, 997
120, 79, 998
125, 86, 1009
125, 86, 1009
133, 4, 976
-,-,-
92, 72, 1022
119, 91, 993
119, 91, 993
136, 47, 959
136, 42, 988
147, 36, 975
147, 36, 1001
131, 52, 1001
126, 67, 998
133, 54, 995
139, 54, 995
139, 54, 995
135, 51, 994
123, 61, 1007
126, 41, 988
130, 46, 1008
130, 46, 1008
138, 53, 988
138, 62, 995
137, 80, 1001
124, 99, 1004
-,-,-
39, 54, 995
71, 55, 986
47, 56, 1013
47, 56, 1013
47, 38, 1024
75, 22, 1024
70, 38, 1013
70, 38, 1013
61, 52, 1001
50, 64, 1000
79, 51, 1001
79, 51, 1001
91, 32, 1002
93, 19, 1006
71, 20, 1004
51, 42, 1017
51, 42, 1017
39, 42, 1012
45, 42, 1016
-,-,-
34, 19, 1000
10, 29, 1026
10, 29, 1026
14, 51, 1006
37, 42, 1007
51, 35, 1009
51, 35, 1009
72, 25, 1005
56, 20, 1016
48, 28, 1007
48, 28, 1007
41, 22, 1009
34, 15, 1015
50, 11, 1000
42, 9, 1012
42, 9, 1012
35, 18, 1011
29, 19, 1012
29, 19, 1012
18, 25, 1013
17, 25, 1008
14, 20, 1013
-,-,-
8, -16, 1012
13, -6, 1012
2, 23, 1016
2, 23, 1016
5, 17, 1020
27, 16, 1015
37, 15, 1014
37, 15, 1014
42, 5, 1008
36, 2, 1009
29, 0, 1014
29, 0, 1014
33, 3, 1011
32, 6, 1010
29, 4, 1010
29, 4, 1010
23, 5, 1014
18, 15, 1013
18, 15, 1013
19, 10, 1018
-,-,-
3, -8, 1015
-5, -15, 1029
10, 2, 1006
10, 4, 1013
10, 4, 1013
22, 2, 1011
22, -5, 1018
25, -7, 1011
25, -7, 1011
19, 1, 1013
22, 0, 1010
22, 0, 1010
21, -7, 1012
15, -10, 1014
6, -7, 1021
7, 0, 1018
7, 0, 1018
1, 8, 1020
-,-,-
21, -21, 1000
-9, -9, 1016
-9, -9, 1016
3, -9, 1013
0, -12, 1019
6, -15, 1016
6, -15, 1016
20, -15, 1013
22, -17, 1010
22, -19, 1011
24, -20, 1012
20, -20, 1013
20, -20, 1013
13, -20, 1016
10, -22, 1018
5, -24, 1024
-11, -7, 1021
-,-,-
10, -16, 994
-18, -18, 1025
-18, -18, 1025
-1, -12, 1021
14, -13, 1013
22, -14, 1013
29, -16, 1013
31, -22, 1012
31, -22, 1012
22, -24, 1013
12, -20, 1011
9, -16, 1014
4, -10, 1017
4, -10, 1017
4, -5, 1013
-,-,-
-12, -16, 1019
2, -12, 996
7, -15, 1012
15, -30, 1016
21, -19, 1010
21, -19, 1010
18, -14, 1013
29, -13, 1007
22, -12, 1015
19, -15, 1009
19, -15, 1009
13, -14, 1017
3, -11, 1019
7, -13, 1014
8, -7, 1011
-,-,-
8, -8, 991
8, -8, 991
1, -19, 1024
26, -14, 1003
31, -15, 1011
31, -15, 1011
19, -8, 1014
9, -4, 1018
12, -3, 1019
18, -4, 1013
18, -4, 1013
27, -6, 1009
29, -12, 1011
25, -9, 1013
25, -9, 1013
7, -8, 1027
-6, 7, 1016
-,-,-
-20, -16, 1013
22, -21, 1004
2, -23, 1015
0, -13, 1012
0, -13, 1012
19, -8, 1015
29, -11, 1013
32, -14, 1018
30, -14, 1010
30, -14, 1010
28, -17, 1009
24, -18, 1010
16, -17, 1014
13, -18, 1013
13, -18, 1013
17, -20, 1015
17, -14, 1017
16, -6, 1016
9, -10, 1014
9, -10, 1014
-,-,-
25, -21, 996
25, -21, 996
13, -23, 1021
11, -17, 1009
16, -19, 1014
20, -18, 1017
20, -18, 1017
24, -17, 1018
23, -24, 1014
22, -22, 1019
16, -17, 1016
10, -11, 1017
10, -11, 1017
5, -11, 1018
12, -13, 1013
21, -30, 1004
11, -27, 1005
-,-,-
10, -30, 1000
-2, -23, 1019
-2, -23, 1019
2, -26, 1019
5, -29, 1018
10, -22, 1017
14, -16, 1017
14, -16, 1017
22, -23, 1014
15, -18, 1014
12, -21, 1012
12, -22, 1011
9, -24, 1012
9, -24, 1012
3, -26, 1019
-4, -22, 1023
-,-,-
23, -31, 984
-3, -44, 1030
-3, -44, 1030
-7, -31, 1020
-5, -19, 1016
18, -26, 1016
19, -26, 1023
19, -26, 1023
14, -24, 1022
10, -24, 1018
1, -26, 1017
1, -30, 1008
-,-,-
-5, -29, 1004
7, -25, 1017
-2, -27, 1007
0, -24, 1015
0, -24, 1015
24, -29, 1006
39, -29, 1012
28, -23, 1016
24, -30, 1016
24, -30, 1016
9, -21, 1022
9, -22, 1018
5, -19, 1016
12, -24, 1010
12, -24, 1010
-,-,-
-3, -33, 1009
5, -33, 1012
14, -29, 997
7, -28, 1017
7, -28, 1017
12, -46, 1014
14, -45, 1017
14, -37, 1017
21, -35, 1010
21, -35, 1010
25, -27, 1016
22, -19, 1011
19, -28, 1015
20, -34, 1013
17, -32, 1014
17, -32, 1014
10, -31, 1020
2, -23, 1015
-,-,-
-19, -43, 1014
22, -23, 1015
12, -35, 1014
18, -24, 1011
30, -27, 1008
30, -27, 1008
31, -37, 1015
24, -42, 1018
30, -30, 1003
23, -29, 1015
23, -29, 1015
26, -29, 1011
25, -24, 1012
28, -27, 1012
26, -30, 1010
26, -33, 1009
26, -33, 1009
23, -33, 1013
13, -33, 1020
0, -22, 1024
-,-,-
10, -28, 1009
16, -31, 1014
12, -27, 1014
14, -19, 1018
14, -19, 1018
17, -15, 1025
17, -18, 1022
17, -23, 1020
16, -15, 1014
29, -16, 998
29, -16, 998
22, -20, 1000
13, -26, 1007
14, -28, 1006
15, -30, 1007
15, -30, 1007
13, -26, 1010
10, -21, 1013
3, -21, 1016
8, -24, 1012
8, -24, 1012
-,-,-
6, -26, 1008
6, -26, 1008
-15, 1, 1033
-2, -15, 1017
28, -38, 1002
48, -53, 1002
48, -53, 1002
36, -39, 1013
14, -20, 1014
10, -16, 1007
24, -29, 1011
24, -29, 1011
32, -28, 1009
23, -28, 1014
16, -27, 1015
14, -25, 1017
14, -27, 1017
14, -27, 1017
13, -28, 1019
-,-,-
15, -14, 1015
1, -33, 1014
1, -33, 1014
14, -33, 1011
14, -26, 1012
20, -26, 1016
18, -29, 1012
17, -29, 1016
17, -29, 1016
20, -25, 1011
23, -25, 1010
21, -26, 1012
17, -27, 1007
17, -27, 1007
16, -28, 1009
25, -37, 1011
17, -26, 1015
15, -20, 1016
13, -21, 1019
13, -21, 1019
8, -23, 1018
-,-,-
24, -36, 993
2, -20, 1023
2, -20, 1023
12, -26, 1017
19, -29, 1013
11, -22, 1022
17, -29, 1019
17, -29, 1019
22, -32, 1016
23, -25, 1012
21, -20, 1011
18, -23, 1013
18, -23, 1013
19, -26, 1011
13, -27, 1010
13, -24, 1008
-,-,-
27, -2, 1010
6, -34, 1000
6, -34, 1000
11, -14, 1013
21, -17, 1018
16, -10, 1023
11, -3, 1020
11, -3, 1020
11, -7, 1019
22, -13, 1000
34, -19, 1008
25, -21, 1012
25, -21, 1012
14, -17, 1007
-,-,-
-4, -12, 1004
13, -14, 1019
13, -14, 1010
3, -9, 1017
3, -9, 1017
12, -14, 1013
27, -22, 1007
24, -22, 1015
25, -21, 1011
28, -16, 1006
28, -16, 1006
24, -17, 1011
21, -18, 1012
22, -17, 1009
29, -17, 1009
29, -17, 1009
24, -15, 1013
16, -12, 1016
12, -18, 1021
6, -18, 1025
-4, 0, 1025
-,-,-
-4, -11, 1014
11, -9, 1011
16, -13, 1003
16, -15, 1008
16, -15, 1008
7, -9, 1020
33, -22, 1017
35, -25, 1006
34, -15, 1011
32, -11, 1011
32, -11, 1011
32, -14, 1005
24, -2, 1009
19, 0, 1021
19, 0, 1021
16, -5, 1024
18, -1, 1014
23, -2, 1018
-,-,-
-18, -12, 1012
9, -16, 1020
16, -22, 1001
23, -21, 1006
25, -22, 1011
25, -22, 1011
23, -9, 1013
8, -4, 1018
14, -5, 1018
14, -5, 1018
30, -13, 1008
31, -10, 1010
19, -7, 1014
22, -12, 1009
22, -12, 1009
31, -17, 1008
22, -16, 1014
20, -13, 1016
14, -8, 1020
-1, 4, 1025
-1, 4, 1025
-,-,-
13, -12, 1004
3, -25, 1016
3, -25, 1016
18, -10, 1011
15, -17, 1018
25, -18, 1008
28, -12, 1010
28, -12, 1010
26, -13, 1022
26, -25, 1020
22, -20, 1012
32, -7, 1003
29, -15, 1014
29, -15, 1014
35, -20, 1009
22, -16, 1019
21, -8, 1003
20, -11, 1013
20, -11, 1013
18, -19, 1015
-,-,-
-3, -25, 1020
41, -33, 995
-2, -12, 1018
-2, -12, 1009
4, -12, 1009
25, -10, 1019
43, -21, 1016
37, -15, 1014
23, -12, 1017
23, -12, 1017
23, -18, 1013
34, -5, 1011
36, 40, 1018
-,-,-
-15, -18, 1023
-19, -15, 1007
-22, -21, 1011
-17, -23, 1009
-25, -25, 1008
-25, -25, 1008
-22, -24, 1008
-22, -24, 1008
-20, -22, 1012
-20, -22, 1010
-23, -25, 1007
-21, -23, 1010
-21, -23, 1009
-22, -23, 1010
-21, -23, 1009
-21, -21, 1010
-21, -21, 1010
-,-,-
-21, -20, 1008
-22, -21, 1001
-17, -26, 1006
-19, -24, 1009
-26, -20, 1013
-23, -21, 1010
-21, -22, 1009
-22, -23, 1009
-22, -23, 1009
-21, -22, 1009
-21, -22, 1010
-21, -22, 1009
-22, -23, 1009
-21, -21, 1010
-20, -22, 1008
-21, -23, 1010
-22, -22, 1008
-22, -22, 1008
-,-,-
-15, -27, 990
-27, -17, 1021
-22, -22, 1008
-22, -22, 1013
-20, -22, 1008
-20, -22, 1008
-18, -24, 1006
-26, -21, 1012
-22, -23, 1010
-22, -23, 1010
-21, -22, 1011
-22, -21, 1011
-21, -21, 1009
-21, -21, 1009
-20, -22, 1008
-21, -22, 1011
-,-,-
-26, -18, 1009
-16, -26, 1011
-22, -23, 1009
-22, -23, 1009
-21, -22, 1011
-22, -23, 1010
-21, -22, 1010
-21, -23, 1010
-22, -22, 1009
-21, -22, 1010
-21, -22, 1010
-21, -22, 1010
-21, -22, 1010
-21, -22, 1010
-21, -22, 1009
-22, -22, 1010
-,-,-
-16, -24, 1006
-28, -21, 1010
-28, -21, 1010
-21, -22, 1009
-20, -23, 1008
-22, -23, 1012
-21, -23, 1009
-21, -22, 1011
-22, -22, 1009
-21, -22, 1009
-21, -22, 1009
-21, -22, 1010
-21, -22, 1010
-22, -23, 1011
-23, -17, 1007
-20, -27, 1011
-21, -23, 1009
-,-,-
-22, -17, 1008
-22, -17, 1008
-20, -29, 1010
-21, -21, 1009
-22, -23, 1009
-21, -22, 1011
-20, -23, 1009
-22, -23, 1009
-22, -22, 1009
-22, -22, 1009
-21, -22, 1010
-21, -22, 1010
-21, -22, 1009
-21, -23, 1010
-22, -22, 1008
-22, -23, 1009
-,-,-
-20, -20, 1011
-23, -23, 1008
-22, -22, 1009
-22, -22, 1009
-22, -23, 1009
-22, -24, 1012
-21, -22, 1011
-21, -22, 1010
-22, -23, 1010
-22, -23, 1009
-22, -23, 1010
-22, -23, 1010
-21, -21, 1010
-22, -22, 1010
-22, -22, 1010
-20, -22, 1009
-,-,-
-25, -19, 1007
-15, -28, 1014
-12, -22, 1005
-12, -22, 1005
-30, -22, 1012
-24, -23, 1010
-22, -23, 1010
-21, -22, 1009
-22, -24, 1008
-20, -22, 1010
-21, -22, 1009
-21, -22, 1009
-21, -21, 1009
-21, -23, 1009
-,-,-
-20, -22, 1007
-24, -22, 1009
-24, -22, 1009
-22, -22, 1008
-22, -23, 1010
-21, -22, 1009
-22, -23, 1009
-22, -23, 1009
-21, -22, 1009
-21, -22, 1010
-21, -22, 1010
-21, -22, 1010
-21, -22, 1009
-21, -23, 1008
-21, -23, 1009
-,-,-
-19, -27, 1003
-21, -17, 1011
-20, -21, 1010
-21, -23, 1010
-21, -23, 1010
-21, -23, 1009
-22, -22, 1009
-21, -23, 1008
-22, -23, 1009
-21, -22, 1009
-22, -22, 1009
-21, -22, 1009
-21, -22, 1009
-21, -22, 1009
-,-,-
-21, -22, 1005
-21, -21, 1005
-19, -22, 1011
-15, -25, 1006
-27, -22, 1010
-25, -23, 1009
-22, -23, 1008
-22, -23, 1009
-22, -23, 1009
-21, -22, 1009
-21, -22, 1009
-21, -21, 1010
-21, -22, 1009
-22, -23, 1009
-21, -23, 1010
-21, -22, 1008
-30, -19, 1014
-,-,-
-13, -27, 995
-27, -17, 1019
-21, -21, 1010
-21, -22, 1008
-21, -22, 1008
-22, -22, 1010
-21, -21, 1010
-21, -22, 1008
-21, -22, 1009
-20, -22, 1010
-20, -22, 1009
-22, -22, 1009
-22, -22, 1009
-21, -22, 1009
-21, -22, 1008
-,-,-
32, 36, 1044
17, 80, 981
17, 80, 981
26, 64, 957
43, 27, 1032
43, 27, 1032
52, 55, 1024
39, 75, 1001
53, 59, 1020
53, 59, 997
64, 42, 997
46, 55, 995
30, 76, 999
30, 76, 999
32, 96, 1014
47, 115, 1000
123, 8, 919
-,-,-
68, 76, 956
68, 76, 956
69, 84, 989
63, 74, 1029
72, 79, 1013
72, 79, 1013
83, 78, 987
96, 65, 994
97, 64, 987
97, 64, 987
96, 63, 985
92, 63, 1004
69, 103, 1012
69, 103, 1012
68, 119, 991
81, 75, 980
125, -5, 1008
79, 21, 1039
79, 21, 1039
-,-,-
67, 58, 992
67, 58, 992
68, 56, 1002
73, 81, 1015
78, 103, 1000
78, 103, 1000
95, 97, 985
106, 86, 992
150, 42, 987
189, 37, 978
189, 37, 978
155, 83, 944
99, 71, 968
-,-,-
98, 25, 943
47, 76, 1034
47, 76, 1034
30, 73, 1004
42, 84, 1007
64, 85, 987
99, 81, 994
99, 81, 994
108, 103, 988
111, 102, 994
115, 70, 981
115, 70, 981
95, 63, 999
63, 69, 1001
23, 79, 1028
23, 79, 1028
28, 73, 1017
34, 64, 1025
43, 76, 1012
43, 76, 1012
68, 69, 1004
82, 72, 1008
98, 82, 988
98, 82, 988
106, 86, 999
105, 78, 999
103, 89, 1019
133, 44, 984
-,-,-
92, 67, 1019
100, 70, 992
107, 47, 989
118, 52, 998
118, 52, 998
109, 76, 998
120, 87, 998
151, 67, 970
151, 67, 970
160, 43, 976
135, 51, 995
109, 79, 1008
106, 99, 1004
106, 99, 1004
132, 116, 999
-,-,-
59, 54, 1000
72, 47, 993
90, 57, 1001
115, 56, 991
115, 56, 991
118, 79, 991
136, 76, 973
137, 64, 988
137, 64, 988
108, 81, 1008
89, 87, 1007
100, 61, 993
119, 51, 1001
119, 51, 1001
113, 72, 992
111, 81, 1005
108, 87, 1004
130, 68, 997
130, 68, 997
-,-,-
50, 83, 1004
50, 83, 1004
77, 80, 996
139, 44, 973
137, 71, 1003
137, 71, 1003
140, 99, 993
131, 119, 1003
154, 72, 982
186, 19, 989
186, 19, 989
138, 76, 995
-,-,-
89, 37, 1017
118, 48, 991
120, 88, 986
136, 75, 1006
142, 72, 989
142, 72, 989
172, 63, 981
178, 59, 976
170, 67, 969
170, 67, 969
162, 61, 983
147, 60, 980
138, 72, 994
123, 77, 1009
123, 77, 1009
129, 66, 1008
116, 70, 1017
127, 78, 1002
154, 67, 991
154, 67, 991
173, 61, 986
178, 61, 994
136, 85, 1003
-,-,-
180, 40, 957
197, 24, 944
162, 45, 986
162, 45, 986
104, 68, 982
97, 49, 1019
100, 63, 1019
135, 66, 991
135, 66, 991
168, 37, 973
187, 13, 974
155, 34, 1001
155, 34, 1001
-,-,-
50, 53, 968
97, 66, 1008
97, 66, 1008
94, 65, 1019
113, 67, 989
139, 68, 987
127, 96, 1002
127, 96, 1002
155, 83, 982
153, 81, 993
134, 92, 991
134, 92, 991
121, 98, 995
108, 98, 1004
122, 93, 997
144, 99, 988
144, 99, 988
155, 114, 981
153, 132, 993
174, 123, 988
-,-,-
109, 70, 979
109, 70, 979
94, 98, 1010
116, 101, 1014
127, 106, 1005
139, 110, 988
139, 110, 988
193, 53, 976
178, 58, 1002
142, 104, 1001
149, 105, 983
183, 93, 969
183, 93, 969
197, 104, 980
203, 110, 971
212, 117, 979
223, 75, 973
-,-,-
127, 36, 993
98, 79, 995
98, 79, 995
121, 85, 973
136, 64, 1001
125, 92, 1013
125, 92, 1013
140, 80, 997
139, 88, 1001
164, 62, 975
151, 68, 992
151, 68, 992
137, 99, 995
143, 114, 1002
158, 126, 987
200, 80, 952
200, 80, 952
244, -8, 962
-,-,-
117, 74, 986
86, 106, 1011
101, 96, 977
143, 50, 989
143, 50, 989
127, 94, 1002
136, 131, 1005
178, 130, 968
208, 75, 949
208, 75, 949
148, 102, 985
107, 115, 1005
89, 133, 1014
113, 101, 988
113, 101, 988
130, 66, 995
-,-,-
163, 63, 961
163, 63, 961
123, 123, 1005
120, 172, 989
158, 153, 978
205, 106, 944
196, 98, 962
196, 98, 962
151, 134, 985
122, 154, 999
123, 110, 995
134, 87, 996
134, 87, 996
119, 131, 1014
132, 128, 997
140, 131, 993
151, 125, 981
151, 125, 981
-,-,-
165, 84, 934
156, 115, 1001
121, 125, 988
121, 125, 988
164, 113, 991
164, 118, 993
157, 140, 988
170, 142, 994
183, 134, 975
183, 134, 975
205, 92, 952
207, 72, 964
140, 120, 985
-,-,-
101, 102, 974
120, 104, 992
120, 104, 992
118, 113, 1013
115, 88, 1005
126, 115, 997
144, 140, 979
175, 149, 989
175, 149, 989
205, 106, 944
222, 62, 972
220, 60, 973
-,-,-
149, 15, 927
157, 89, 1029
134, 139, 997
134, 139, 997
125, 132, 992
150, 82, 976
150, 101, 995
152, 131, 980
152, 131, 980
168, 104, 981
154, 85, 976
141, 101, 983
138, 125, 988
134, 134, 989
134, 134, 989
-,-,-
69, 61, 1002
69, 61, 1002
62, 79, 1005
101, 95, 991
123, 101, 1000
166, 105, 962
166, 105, 986
183, 116, 986
178, 124, 977
200, 55, 956
206, 26, 982
119, 107, 986
119, 107, 986
-,-,-
111, 87, 998
111, 87, 998
113, 102, 981
136, 109, 1004
131, 109, 976
159, 77, 978
154, 75, 986
154, 75, 986
142, 94, 1004
158, 108, 995
205, 67, 957
166, 72, 974
166, 72, 974
-,-,-
120, 70, 1005
143, 57, 961
161, 43, 984
125, 55, 1034
125, 55, 1034
110, 91, 1021
166, 99, 984
231, 67, 943
242, 43, 952
242, 43, 952
195, 69, 972
171, 76, 992
153, 104, 987
-,-,-
53, 82, 990
116, 37, 968
95, 48, 1010
95, 48, 1010
82, 92, 1007
104, 99, 1012
137, 84, 988
160, 94, 983
160, 94, 983
168, 83, 988
159, 83, 975
130, 69, 974
130, 69, 974
102, 93, 993
-,-,-
71, 77, 1013
68, 95, 1004
100, 67, 1002
140, 36, 987
112, 97, 1009
112, 97, 1009
128, 117, 1002
146, 115, 989
193, 30, 945
141, 67, 1005
127, 99, 989
127, 99, 989
135, 99, 1004
152, 94, 981
181, 55, 975
181, 55, 975
173, 72, 984
-,-,-
62, 95, 1018
81, 75, 990
79, 75, 1017
109, 93, 1008
117, 105, 1006
117, 105, 1006
152, 105, 974
179, 52, 952
143, 50, 994
79, 79, 1002
79, 79, 1002
54, 103, 1028
92, 110, 995
156, 56, 972
146, 79, 987
146, 79, 987
-,-,-
96, 61, 1002
98, 72, 993
71, 106, 1025
88, 118, 999
88, 118, 999
142, 57, 972
137, 82, 1009
133, 111, 959
120, 111, 1007
127, 63, 990
127, 63, 990
113, 70, 1004
123, 93, 987
139, 113, 999
139, 113, 999
149, 142, 989
-,-,-
66, 104, 979
53, 95, 1037
123, 65, 996
123, 65, 996
141, 94, 993
131, 119, 989
131, 92, 980
134, 58, 997
134, 58, 997
114, 77, 1002
113, 70, 994
116, 75, 992
116, 75, 992
132, 87, 983
141, 101, 987
-,-,-
105, 44, 974
105, 44, 974
81, 83, 1028
100, 85, 990
131, 62, 985
140, 75, 983
140, 75, 983
132, 111, 996
142, 110, 992
167, 64, 969
163, 41, 985
163, 41, 985
140, 62, 993
-,-,-
81, 70, 998
81, 70, 998
121, 51, 989
173, 29, 971
169, 83, 979
169, 83, 979
181, 95, 965
166, 88, 985
183, 30, 969
164, 38, 999
164, 38, 999
122, 102, 1019
177, 75, 985
209, 57, 961
206, 60, 973
206, 60, 973
189, 74, 995
123, 108, 1002
-,-,-
113, 64, 967
152, 58, 1033
148, 61, 960
148, 61, 960
148, 94, 1019
174, 99, 992
213, 74, 948
213, 74, 948
237, 69, 964
226, 90, 961
205, 124, 997
224, 115, 921
224, 115, 921
277, -36, 908
135, 26, 1034
42, 96, 1058
25, 94, 1068
25, 94, 1068
83, 59, 1018
162, 58, 992
219, 61, 962
219, 61, 962
200, 87, 968
-,-,-
133, 38, 986
133, 38, 986
137, 37, 983
120, 63, 1007
146, 79, 1026
167, 100, 990
216, 87, 958
216, 87, 958
263, 52, 943
225, 78, 970
200, 72, 966
200, 72, 966
-,-,-
45, 85, 988
108, 90, 1023
148, 90, 966
148, 54, 966
150, 48, 1005
121, 104, 1001
132, 104, 998
155, 76, 983
155, 76, 983
160, 62, 972
146, 82, 995
140, 92, 998
140, 92, 998
142, 100, 1002
140, 120, 1005
171, 86, 965
204, 13, 976
-,-,-
77, 34, 974
119, 46, 1006
119, 46, 1006
120, 73, 1031
117, 104, 1005
150, 111, 993
192, 107, 961
178, 131, 990
178, 131, 990
144, 131, 993
172, -48, 928
-,-,-
123, 52, 987
78, 108, 1030
78, 108, 1030
66, 125, 1014
121, 98, 991
174, 69, 963
174, 73, 984
174, 73, 984
137, 108, 1000
111, 103, 1002
118, 73, 998
111, 107, 1005
139, 116, 986
139, 116, 986
148, 134, 981
-,-,-
84, 129, 1006
121, 112, 983
121, 112, 983
183, 70, 987
188, 47, 957
158, 89, 988
158, 89, 988
145, 136, 986
158, 133, 1003
169, 136, 982
191, 97, 962
212, -33, 948
-,-,-
39, 101, 1044
39, 140, 1030
114, 83, 976
172, 48, 973
162, 91, 975
162, 91, 975
153, 138, 984
156, 123, 984
167, 75, 974
143, 86, 999
143, 86, 999
136, 106, 996
143, 131, 977
165, 116, 955
-,-,-
92, 47, 961
76, 74, 1038
76, 74, 1038
85, 86, 1018
81, 151, 1027
145, 113, 980
200, 88, 945
200, 88, 945
221, 72, 944
157, 93, 989
109, 109, 1006
108, 122, 1005
108, 122, 1005
152, 96, 954
-,-,-
124, 49, 996
124, 49, 996
106, 80, 1005
135, 104, 984
145, 117, 993
183, 124, 958
183, 124, 958
211, 95, 945
180, 80, 981
146, 64, 987
135, 64, 996
135, 64, 996
-,-,-
88, 55, 1008
108, 58, 987
100, 77, 1020
127, 76, 975
135, 92, 982
135, 92, 982
158, 119, 968
180, 118, 982
193, 61, 962
193, 61, 962
149, 72, 1001
145, 90, 988
143, 112, 980
-,-,-
62, 55, 1020
62, 55, 1020
29, 107, 1047
79, 111, 990
157, 58, 965
196, 58, 965
196, 58, 965
182, 117, 957
167, 117, 988
159, 75, 978
136, 62, 998
136, 62, 998
118, 64, 986
-,-,-
-6, 74, 1004
93, 85, 1002
93, 85, 1002
138, 80, 995
176, 108, 964
175, 115, 971
146, 122, 969
146, 122, 969
143, 101, 987
116, 115, 1005
118, 103, 973
148, 70, 951
-,-,-
73, 89, 1009
73, 89, 1009
45, 98, 1009
74, 122, 1005
116, 83, 971
135, 60, 974
135, 60, 974
121, 104, 965
110, 129, 982
85, 187, 1010
117, 147, 960
117, 147, 960
187, -12, 942
-,-,-
79, 101, 979
115, 91, 978
115, 91, 978
124, 77, 1000
129, 89, 999
152, 85, 977
152, 85, 977
150, 76, 974
145, 78, 994
130, 89, 994
132, 77, 986
132, 77, 986
130, 79, 992
135, 57, 978
-,-,-
85, 35, 1013
80, 77, 1001
75, 118, 998
103, 70, 995
103, 70, 995
133, 32, 995
157, 53, 960
181, 54, 962
181, 54, 962
180, 42, 979
161, 36, 986
136, 54, 995
136, 54, 995
126, 68, 999
-,-,-
99, 63, 1008
99, 63, 1008
69, 86, 1007
96, 78, 1018
137, 67, 978
137, 67, 978
201, 55, 957
212, 86, 966
200, 110, 975
166, 134, 994
166, 134, 994
148, 120, 979
-,-,-
153, 37, 1001
119, 72, 1029
121, 83, 997
176, 69, 969
200, 43, 978
200, 43, 978
184, 79, 974
171, 114, 985
176, 114, 988
191, 86, 967
191, 86, 967
184, 53, 963
142, 79, 989
-,-,-
121, 28, 1000
121, 28, 1000
127, 4, 991
109, 65, 1017
140, 76, 1009
188, 77, 985
188, 77, 985
223, 90, 963
221, 90, 974
208, 37, 968
208, 37, 968
-,-,-
77, 5, 1022
77, 5, 1022
77, 62, 1031
114, 46, 1013
116, 17, 1020
131, 14, 999
131, 14, 999
132, 49, 1003
161, 44, 994
171, 15, 988
171, 15, 988
169, -6, 991
152, -20, 997
120, 1, 1031
-,-,-
119, -3, 1022
123, 3, 1034
123, 3, 1034
121, 33, 1027
153, 40, 979
205, 18, 971
205, 18, 971
200, 56, 975
194, 63, 984
187, 43, 992
181, 43, 988
181, 43, 988
-,-,-
150, -69, 956
138, -74, 960
108, -20, 1021
95, 25, 1028
95, 25, 1028
115, 53, 1002
152, 74, 987
186, 67, 999
190, 75, 1008
190, 75, 1008
189, 50, 974
173, 33, 989
166, 24, 977
153, 28, 996
153, 28, 996
-,-,-
169, 41, 1004
126, 116, 978
150, 58, 1011
176, 1, 985
169, 9, 1001
169, 9, 1001
151, 52, 981
131, 85, 1003
170, 14, 978
170, 14, 978
201, -42, 989
159, 32, 988
186, 40, 999
175, 97, 997
175, 97, 997
-,-,-
43, 33, 1026
31, 76, 1018
31, 76, 1018
97, 1, 978
108, -28, 1008
84, 15, 1007
84, 15, 1007
90, 30, 1001
127, -12, 982
159, -52, 969
134, -18, 999
134, -18, 999
104, 22, 1015
110, 54, 1003
-,-,-
163, -72, 958
205, -72, 1005
208, -78, 962
208, -78, 962
207, -85, 1000
187, -48, 1032
208, -58, 993
230, -71, 965
243, -62, 947
257, -61, 973
257, -61, 973
256, -65, 976
224, -87, 972
221, -127, 972
180, -62, 998
190, -65, 999
190, -65, 999
199, -65, 1013
-,-,-
170, -93, 968
156, -37, 1001
156, -37, 1001
156, -3, 998
188, -101, 979
174, -103, 1021
136, -37, 1002
135, -16, 1018
162, -9, 1016
177, -15, 999
-,-,-
137, 0, 1027
103, 25, 990
138, -24, 1004
93, -6, 1091
58, 31, 1114
58, 31, 1114
85, 2, 1073
103, 0, 1058
112, 8, 1037
112, 8, 1037
140, -1, 1038
170, 14, 1015
189, 14, 968
-,-,-
122, -66, 1003
122, -66, 1003
153, -84, 994
157, -100, 1013
143, -81, 1021
146, -71, 991
207, -104, 950
244, -134, 948
211, -107, 971
211, -107, 971
173, -70, 996
198, -119, 969
-,-,-
157, -66, 963
157, -66, 963
158, -79, 985
135, -51, 1027
131, -34, 991
173, -30, 977
221, -58, 955
221, -58, 955
200, -59, 973
153, -44, 1005
145, -33, 1004
150, -20, 994
129, -15, 995
-,-,-
101, -38, 977
151, -35, 1017
166, -43, 1002
186, -27, 973
186, -27, 973
180, 15, 994
216, 2, 965
275, -72, 936
275, -72, 936
229, -50, 975
176, -32, 984
165, -46, 993
177, -91, 967
-,-,-
254, -153, 917
139, -34, 1096
95, 35, 1011
95, 35, 1011
183, -45, 977
221, -101, 974
155, -50, 1016
148, -49, 1003
165, -64, 994
218, -92, 946
218, -92, 946
220, -79, 955
176, -38, 993
149, -24, 1021
150, -15, 1013
-,-,-
121, -52, 995
170, -88, 988
181, -41, 968
164, -22, 989
164, -22, 989
155, -32, 1001
193, -77, 959
197, -68, 979
178, -43, 991
189, -43, 984
189, -43, 984
193, -61, 962
164, -51, 986
126, -23, 1001
111, -21, 1021
-,-,-
110, -55, 1007
108, -17, 990
154, -32, 979
213, -90, 968
185, -64, 991
185, -64, 991
188, -21, 989
224, -14, 977
240, -33, 947
226, -59, 960
165, -33, 1006
165, -33, 1006
138, -16, 1031
176, -28, 995
213, -32, 973
232, -29, 953
262, -114, 937
-,-,-
116, -34, 1008
141, -4, 979
188, -43, 966
214, -85, 959
174, -66, 1009
174, -66, 1009
134, -25, 1031
142, -20, 1017
224, -58, 947
260, -102, 931
182, -48, 993
141, -23, 1023
141, -23, 1023
162, -29, 1008
179, -17, 996
-,-,-
187, -120, 1000
117, -35, 987
121, -16, 1013
167, -35, 1000
212, -68, 962
209, -49, 974
209, -49, 974
193, -30, 985
187, -40, 1000
197, -43, 984
204, -37, 983
208, -71, 961
208, -71, 961
-,-,-
156, -70, 993
163, -68, 980
142, -36, 1001
182, -38, 993
218, -68, 972
218, -68, 972
216, -51, 964
200, -49, 986
180, -50, 997
168, -43, 992
186, -42, 985
186, -42, 985
207, -48, 975
203, -41, 975
192, -45, 987
-,-,-
184, -85, 940
151, -64, 1011
151, -41, 1025
156, -15, 1015
236, -47, 941
236, -47, 941
293, -76, 921
223, -36, 971
177, -32, 1013
163, -22, 1015
190, -50, 975
190, -50, 975
200, -38, 988
196, -20, 984
202, -29, 981
203, -29, 987
-,-,-
151, -42, 1007
90, 46, 1054
90, 46, 1054
170, 8, 977
260, -83, 933
230, -53, 962
230, -53, 962
167, 11, 1012
186, 7, 1002
216, -10, 968
262, -69, 938
227, -57, 973
227, -57, 973
170, -9, 1025
176, -3, 1014
218, -17, 983
238, -26, 962
240, -37, 963
240, -37, 963
-,-,-
152, -66, 961
164, -57, 1010
136, 5, 1001
136, 5, 1001
152, -1, 1002
194, -14, 988
225, -39, 949
205, -37, 983
205, -37, 983
181, -33, 999
157, -22, 1014
170, -24, 994
212, -11, 962
239, -14, 950
239, -14, 950
-,-,-
75, 63, 1052
178, -2, 942
225, -43, 993
200, 20, 956
200, 20, 956
197, 25, 982
230, -6, 959
270, -64, 929
218, -35, 977
218, -35, 977
172, 2, 1023
195, -12, 987
217, -12, 982
229, -5, 986
229, -5, 986
-,-,-
20, 91, 981
7, 101, 1006
7, 101, 1006
9, 120, 1005
21, 123, 1013
40, 99, 1004
108, 38, 992
108, 38, 992
110, 36, 997
83, 67, 1012
68, 88, 1024
68, 88, 1024
58, 102, 1008
81, 92, 1017
107, 94, 1011
115, 116, 995
115, 116, 995
117, 112, 995
101, 94, 1011
94, 76, 1022
-,-,-
71, 50, 1014
89, 55, 1011
89, 55, 1011
112, 86, 1003
111, 111, 1003
107, 115, 1015
102, 108, 1021
102, 101, 1023
102, 101, 1023
97, 109, 987
96, 107, 986
90, 99, 996
-,-,-
56, 78, 1038
118, 49, 970
99, 68, 995
99, 68, 995
87, 85, 1027
93, 89, 1016
116, 92, 996
116, 92, 996
125, 93, 994
130, 91, 994
125, 76, 992
125, 76, 992
113, 74, 1009
108, 69, 1006
97, 76, 1003
96, 83, 1008
96, 83, 1008
110, 91, 1004
114, 99, 998
119, 95, 1005
111, 86, 1019
111, 86, 1019
96, 80, 1050
-,-,-
57, 51, 1018
109, 87, 1016
84, 79, 1002
84, 79, 1002
96, 87, 1006
87, 90, 1020
107, 84, 1016
133, 88, 994
133, 88, 994
126, 101, 983
115, 98, 998
95, 93, 1006
95, 93, 1006
104, 93, 1001
106, 98, 995
105, 98, 1001
102, 98, 1008
102, 98, 1008
100, 94, 1019
103, 93, 1026
-,-,-
105, 97, 1007
105, 97, 1007
104, 76, 1011
108, 72, 1018
102, 80, 1012
92, 94, 1005
92, 94, 1005
84, 96, 1013
83, 88, 1018
93, 85, 1009
98, 89, 1000
98, 89, 1000
96, 88, 1007
98, 87, 1013
86, 91, 1022
-,-,-
74, 98, 986
74, 98, 986
51, 88, 1044
71, 86, 1014
93, 90, 1000
93, 90, 1000
93, 98, 1003
96, 91, 1011
97, 92, 1008
97, 92, 1008
106, 93, 1004
109, 95, 998
99, 101, 1002
93, 102, 1002
93, 102, 1002
89, 100, 1006
99, 92, 1007
99, 94, 1006
95, 91, 1005
95, 91, 1005
82, 98, 1011
75, 103, 1020
-,-,-
26, 73, 1008
71, 95, 1002
104, 78, 1006
100, 95, 997
100, 95, 997
93, 96, 1011
91, 106, 1010
100, 116, 1006
101, 113, 998
101, 113, 998
109, 107, 999
103, 110, 1001
102, 105, 1001
104, 100, 996
98, 104, 1000
98, 104, 1000
100, 103, 1003
102, 104, 1008
101, 101, 1011
95, 103, 1011
91, 114, 1013
-,-,-
47, 130, 1002
75, 91, 1007
75, 91, 1007
91, 99, 1028
100, 97, 1012
82, 79, 1009
127, 115, 1007
127, 115, 1007
107, 123, 1001
111, 115, 1007
105, 103, 1004
97, 107, 999
107, 108, 989
105, 106, 1002
105, 106, 1002
101, 105, 1009
96, 105, 1012
92, 105, 1009
-,-,-
65, 105, 996
88, 118, 973
97, 120, 1029
86, 115, 1017
86, 109, 1031
86, 109, 1031
95, 92, 1013
92, 103, 1013
99, 104, 1004
103, 102, 993
103, 102, 993
95, 113, 1010
79, 107, 992
76, 103, 998
-,-,-
79, 86, 970
79, 86, 970
56, 65, 993
65, 73, 1011
71, 78, 1016
71, 78, 1016
68, 92, 1018
78, 99, 1021
84, 89, 1014
84, 89, 1014
82, 90, 1013
77, 94, 993
79, 90, 988
79, 90, 988
76, 82, 992
73, 73, 1001
69, 67, 1004
69, 67, 1004
51, 71, 1009
53, 76, 1012
-,-,-
80, 111, 1018
87, 74, 995
87, 74, 995
87, 84, 994
81, 90, 1021
81, 90, 1021
71, 90, 1019
75, 92, 1020
81, 83, 1014
81, 86, 995
81, 86, 995
82, 88, 1000
78, 89, 995
78, 89, 995
77, 87, 998
76, 83, 1001
78, 80, 1000
78, 80, 1000
84, 78, 999
80, 85, 1009
78, 90, 1010
78, 90, 1010
75, 90, 1011
82, 86, 1018
78, 88, 1021
-,-,-
73, 109, 1006
82, 71, 1011
82, 71, 1011
98, 83, 1031
83, 91, 1005
76, 78, 1025
76, 78, 1025
67, 82, 1018
73, 84, 998
65, 86, 994
65, 86, 994
64, 88, 1004
67, 88, 993
79, 83, 1002
79, 83, 1002
73, 86, 1006
72, 84, 1009
72, 90, 1005
72, 90, 1005
80, 91, 1011
78, 95, 1013
-,-,-
24, 80, 1019
74, 89, 997
86, 69, 1014
86, 69, 1014
82, 69, 1018
63, 73, 1017
60, 75, 1022
74, 70, 1018
74, 70, 1018
84, 72, 1008
82, 86, 1000
83, 83, 1003
83, 83, 1003
76, 76, 1007
86, 73, 1007
81, 80, 1006
81, 80, 1006
87, 76, 1009
77, 73, 1013
76, 73, 1016
77, 75, 1015
-,-,-
32, 40, 1004
23, 96, 989
39, 78, 1016
39, 78, 1016
60, 75, 1030
71, 71, 1021
80, 71, 1015
80, 71, 1015
99, 60, 1016
88, 70, 1011
79, 80, 1013
79, 80, 1013
72, 83, 1007
66, 91, 1007
72, 84, 1011
80, 70, 1017
80, 70, 1017
-,-,-
20, 50, 978
45, 95, 989
46, 77, 1023
46, 77, 1023
61, 68, 1026
84, 58, 1026
98, 64, 1026
98, 64, 1026
101, 69, 1018
89, 82, 1001
73, 93, 1003
67, 98, 1008
67, 98, 1008
73, 94, 1000
81, 85, 1002
87, 84, 1005
87, 84, 1005
80, 84, 1008
80, 77, 1012
79, 76, 1016
67, 78, 1010
67, 78, 1010
65, 85, 1008
-,-,-
38, 92, 977
62, 88, 985
71, 87, 1039
72, 87, 1030
72, 87, 1030
67, 95, 1009
82, 93, 1022
95, 86, 1011
95, 86, 1011
89, 93, 1005
79, 91, 993
75, 91, 997
75, 91, 997
85, 85, 1000
86, 83, 999
77, 89, 998
77, 89, 998
87, 83, 1006
88, 83, 1008
86, 91, 1006
86, 91, 1006
85, 94, 1010
79, 88, 1014
86, 85, 1027
86, 85, 1027
78, 89, 1026
-,-,-
71, 88, 995
71, 88, 995
61, 81, 1018
80, 77, 1023
76, 77, 1021
76, 77, 1021
72, 80, 1020
85, 75, 1012
98, 72, 1003
98, 72, 1003
93, 80, 1001
75, 89, 999
73, 84, 1002
73, 84, 1002
88, 72, 1004
92, 73, 1004
84, 79, 1000
78, 82, 1007
78, 82, 1007
77, 88, 1007
84, 86, 1007
94, 84, 1014
94, 84, 1014
99, 85, 1014
120, 96, 1020
84, 111, 1002
-,-,-
59, 95, 1010
66, 59, 1020
66, 59, 1020
72, 79, 1016
78, 82, 1016
81, 76, 1012
81, 76, 1012
92, 71, 1017
98, 66, 1014
85, 81, 998
85, 81, 998
80, 87, 1002
79, 80, 995
85, 79, 1005
85, 79, 1005
89, 81, 1001
87, 83, 1004
81, 84, 1009
81, 84, 1009
79, 76, 1018
81, 71, 1037
71, 96, 1026
-,-,-
57, 82, 1014
57, 82, 1014
52, 63, 986
84, 63, 1008
82, 70, 1044
82, 70, 1044
69, 69, 1020
76, 70, 1019
89, 70, 1005
88, 81, 997
88, 81, 997
78, 77, 1008
80, 68, 1002
86, 71, 1005
86, 71, 1005
90, 72, 1006
82, 71, 1009
72, 74, 1015
72, 74, 1015
71, 74, 1014
77, 75, 1036
-,-,-
54, 63, 1029
94, 89, 1006
85, 90, 999
85, 90, 999
72, 98, 1012
73, 87, 1017
82, 76, 1020
82, 76, 1020
98, 73, 1015
98, 98, 1002
80, 107, 980
67, 109, 993
67, 109, 993
70, 108, 1000
80, 99, 995
85, 89, 1001
85, 89, 1001
83, 89, 1005
81, 95, 1001
82, 100, 1009
82, 100, 1009
82, 97, 1024
-,-,-
43, 94, 1031
63, 100, 1018
80, 103, 983
80, 103, 983
93, 102, 1018
89, 91, 1017
96, 94, 1010
96, 94, 1010
95, 100, 1009
90, 103, 993
92, 96, 1005
80, 101, 1013
80, 101, 1013
86, 103, 1013
100, 102, 1010
90, 103, 993
77, 100, 1008
-,-,-
34, 98, 979
23, 88, 1021
44, 88, 1051
69, 89, 1012
69, 89, 1012
91, 96, 1012
101, 94, 999
92, 102, 998
92, 102, 998
93, 90, 1004
109, 71, 1014
107, 77, 1006
90, 84, 1002
90, 84, 1002
86, 86, 1010
95, 96, 1000
104, 104, 1001
100, 99, 1006
100, 99, 1006
93, 95, 1025
94, 94, 1047
-,-,-
47, 63, 1010
77, 119, 997
76, 87, 1003
76, 87, 1003
91, 71, 1022
89, 62, 1028
105, 62, 1022
105, 62, 1022
105, 82, 1015
92, 99, 1011
79, 100, 1001
-,-,-
69, 113, 993
69, 113, 993
53, 60, 1077
72, 76, 1031
96, 94, 1017
101, 100, 1009
101, 100, 1009
101, 87, 1011
92, 83, 1010
90, 79, 1000
95, 70, 1007
95, 70, 1007
91, 79, 999
90, 89, 1009
89, 87, 1010
89, 87, 1010
106, 83, 993
95, 85, 1001
88, 78, 1019
88, 78, 1019
73, 77, 1034
-,-,-
76, 55, 990
87, 104, 1024
83, 75, 1011
83, 75, 1011
85, 82, 1017
86, 82, 1015
92, 80, 1018
92, 80, 1018
95, 81, 1024
94, 85, 1003
79, 101, 986
79, 101, 986
72, 97, 991
79, 89, 990
85, 89, 998
85, 89, 998
89, 88, 1010
83, 88, 1019
75, 85, 1025
-,-,-
3, 70, 1049
100, 87, 992
83, 80, 984
83, 80, 984
89, 80, 1017
83, 81, 1031
78, 91, 1025
78, 91, 1025
68, 97, 1025
75, 96, 1008
80, 95, 997
-,-,-
77, 74, 989
77, 74, 989
65, 74, 1018
64, 72, 1038
59, 79, 1020
59, 79, 1020
72, 83, 1002
88, 84, 1012
100, 87, 1009
100, 87, 1009
95, 87, 994
94, 81, 1003
92, 76, 1011
86, 73, 1009
86, 73, 1009
82, 70, 1010
82, 78, 1011
79, 87, 1016
79, 87, 1016
84, 87, 1022
85, 106, 1030
-,-,-
30, 82, 1022
71, 75, 1007
87, 80, 1004
92, 90, 1017
92, 90, 1017
80, 96, 1025
81, 85, 1020
82, 81, 1019
82, 81, 1019
91, 82, 1015
81, 89, 987
75, 92, 1007
75, 92, 1007
72, 92, 1008
-,-,-
55, 78, 996
55, 78, 996
49, 77, 1030
72, 90, 1012
88, 79, 1021
88, 79, 1021
89, 75, 1027
82, 75, 1024
81, 73, 1030
81, 73, 1030
55, 80, 1019
51, 88, 1000
-,-,-
50, 72, 987
60, 79, 1010
60, 79, 1010
73, 73, 1028
83, 71, 1029
84, 66, 1020
84, 66, 1020
95, 68, 1011
94, 81, 998
88, 90, 999
88, 90, 999
97, 82, 1008
92, 80, 1004
85, 83, 1007
85, 83, 1007
86, 73, 1011
83, 79, 1019
83, 87, 1027
82, 97, 1054
-,-,-
41, 69, 1019
73, 69, 1036
73, 69, 1036
62, 84, 1019
81, 96, 1004
85, 95, 1017
86, 95, 1017
86, 95, 1017
97, 90, 1002
93, 97, 1008
88, 90, 1009
88, 90, 1009
82, 88, 1021
79, 89, 1025
79, 91, 1029
79, 91, 1029
-,-,-
50, 80, 988
50, 80, 988
39, 76, 1020
75, 78, 1016
87, 85, 1033
87, 85, 1033
92, 88, 1029
95, 82, 1018
84, 94, 1019
84, 94, 1019
68, 106, 1010
-,-,-
58, 89, 1020
52, 77, 984
52, 77, 984
63, 99, 1004
77, 87, 1026
84, 78, 1033
84, 78, 1033
81, 75, 1033
83, 81, 1026
76, 86, 1025
76, 86, 1025
67, 108, 1008
-,-,-
60, 82, 1031
60, 82, 1031
45, 75, 1035
73, 82, 1014
82, 79, 1021
65, 83, 1029
65, 83, 1029
62, 78, 1051
56, 96, 1032
-,-,-
66, 90, 1038
45, 85, 1019
45, 85, 1019
67, 97, 1001
87, 94, 1012
98, 80, 1015
98, 80, 1015
96, 87, 1009
76, 93, 1006
76, 100, 1005
76, 100, 1005
93, 91, 1000
101, 92, 1002
108, 93, 1001
96, 95, 1009
96, 95, 1009
83, 93, 1011
80, 98, 1015
81, 99, 1021
85, 98, 1026
85, 98, 1026
-,-,-
57, 90, 1032
53, 67, 1012
53, 67, 1012
75, 98, 1010
87, 95, 1013
78, 93, 1004
78, 93, 1004
76, 90, 1017
81, 92, 1010
91, 87, 1010
91, 87, 1010
85, 87, 1013
77, 98, 1014
77, 99, 1021
75, 107, 1018
-,-,-
75, 85, 1026
75, 85, 1026
51, 74, 1026
64, 91, 1008
70, 94, 1008
83, 83, 1019
83, 83, 1019
85, 86, 1016
84, 94, 1012
86, 92, 991
86, 92, 991
78, 89, 997
78, 89, 1000
89, 80, 999
89, 80, 999
90, 93, 997
88, 99, 1008
88, 99, 1008
84, 91, 1019
78, 92, 1019
78, 99, 1033
66, 104, 1049
-,-,-
16, 72, 1021
108, 97, 1010
85, 103, 1005
87, 92, 994
87, 92, 994
75, 93, 1013
83, 91, 1010
80, 93, 1009
80, 93, 1009
90, 88, 1007
91, 94, 1010
87, 105, 995
87, 105, 995
91, 99, 1000
91, 97, 998
92, 97, 999
92, 97, 999
87, 98, 1008
92, 93, 1008
94, 98, 1015
94, 98, 1015
91, 100, 1019
86, 118, 1024
-,-,-
56, 92, 1025
67, 76, 1029
67, 76, 1029
71, 105, 1004
92, 108, 1005
88, 93, 1021
86, 85, 1012
86, 85, 1012
78, 92, 1002
77, 94, 1002
89, 92, 1007
89, 92, 1007
92, 97, 1011
85, 102, 1007
74, 105, 998
72, 102, 1010
72, 102, 1010
-,-,-
46, 52, 1001
76, 105, 1014
69, 83, 1015
69, 83, 1015
72, 83, 1011
68, 94, 1007
68, 93, 1021
68, 93, 1021
80, 85, 1025
88, 77, 1020
84, 81, 1012
76, 89, 1001
76, 89, 1001
66, 99, 1005
-,-,-
49, 64, 1010
49, 64, 1010
47, 76, 1029
65, 94, 1023
75, 103, 1022
75, 103, 1022
88, 94, 1018
96, 88, 1019
98, 86, 1020
78, 85, 1017
78, 85, 1017
62, 91, 1011
-,-,-
65, 78, 1019
65, 78, 1019
31, 91, 1028
61, 96, 1020
78, 95, 1005
92, 87, 1017
92, 87, 1017
97, 82, 1011
88, 85, 1008
77, 91, 1004
77, 91, 1004
74, 90, 1003
77, 87, 1005
85, 86, 1011
85, 86, 1011
84, 95, 1014
86, 104, 1014
84, 101, 1025
69, 106, 1037
-,-,-
59, 73, 969
61, 77, 990
56, 79, 1054
61, 91, 1008
61, 91, 1008
78, 92, 1026
90, 97, 1019
104, 95, 1019
100, 90, 1024
100, 90, 1024
83, 102, 1003
68, 92, 986
75, 82, 1006
75, 82, 1006
80, 80, 1018
83, 85, 1026
-,-,-
68, 77, 988
68, 77, 988
61, 74, 1042
78, 99, 1033
78, 99, 1033
83, 104, 1020
99, 89, 1026
105, 79, 1014
94, 94, 1013
94, 94, 1013
73, 105, 1014
67, 107, 1010
75, 99, 1016
-,-,-
33, 63, 1027
72, 89, 1027
72, 100, 1016
90, 95, 1011
90, 95, 1011
100, 88, 1015
84, 101, 1012
68, 112, 1003
67, 104, 1007
67, 104, 1007
79, 99, 1008
86, 92, 1008
77, 88, 1013
-,-,-
69, 71, 998
76, 90, 997
76, 90, 997
84, 85, 1017
81, 87, 1020
72, 92, 1015
72, 92, 1015
88, 91, 1018
104, 88, 1014
106, 76, 1005
87, 93, 993
87, 93, 993
73, 94, 994
86, 84, 994
86, 84, 994
92, 82, 1006
91, 83, 1010
77, 86, 1023
77, 86, 1034
-,-,-
55, 62, 1007
64, 89, 1033
80, 84, 1009
80, 84, 1009
96, 91, 1016
89, 90, 1016
87, 92, 1017
87, 92, 1017
88, 90, 1018
84, 89, 1014
78, 99, 1010
78, 99, 1010
-,-,-
44, 79, 1021
78, 88, 1015
89, 106, 1005
89, 91, 998
89, 91, 998
74, 82, 1025
66, 86, 1027
72, 94, 1022
72, 94, 1022
89, 94, 1024
96, 96, 1016
-,-,-
52, 61, 983
52, 61, 983
51, 88, 1031
92, 92, 1015
92, 92, 1015
111, 83, 1020
109, 76, 1012
91, 91, 1008
88, 93, 1000
88, 93, 1000
96, 86, 999
98, 87, 1011
103, 88, 1009
103, 88, 1009
98, 93, 1011
93, 97, 1024
87, 98, 1032
96, 100, 1028
-,-,-
63, 88, 999
63, 88, 999
72, 82, 1023
90, 90, 1014
99, 85, 1008
98, 72, 1026
98, 72, 1026
99, 68, 1011
87, 77, 1003
83, 99, 999
83, 99, 999
86, 91, 1007
82, 83, 1012
85, 86, 1013
85, 86, 1013
90, 88, 1026
78, 96, 1022
-,-,-
79, 76, 1021
71, 66, 1038
71, 66, 1038
58, 91, 1029
68, 95, 1025
92, 99, 1024
92, 99, 1024
108, 95, 1015
97, 104, 997
83, 97, 999
61, 84, 1010
61, 84, 1010
71, 65, 1009
66, 71, 1007
72, 69, 993
72, 69, 993
74, 71, 996
84, 64, 1005
80, 60, 1021
80, 60, 1021
-,-,-
-10, 92, 983
65, 68, 1026
82, 40, 1056
82, 40, 1056
123, 62, 1006
118, 67, 1008
110, 58, 1011
89, 62, 1022
89, 62, 1022
78, 61, 1010
69, 69, 1004
65, 71, 1011
63, 76, 1020
63, 76, 1020
72, 68, 1029
74, 73, 1032
-,-,-
43, 60, 999
107, 68, 1034
97, 53, 1026
97, 53, 1026
94, 70, 1011
101, 83, 1013
114, 63, 1025
111, 58, 1024
111, 58, 1024
99, 60, 1029
82, 62, 1039
-,-,-
37, 53, 995
94, 41, 1047
78, 47, 1027
78, 47, 1027
90, 75, 1031
88, 83, 1031
100, 67, 1011
100, 67, 1011
82, 66, 1008
79, 61, 997
85, 66, 1000
82, 82, 994
82, 82, 994
77, 95, 1003
79, 81, 1017
79, 81, 1017
98, 66, 1029
83, 63, 1056
-,-,-
62, 69, 1064
62, 69, 1064
72, 37, 1042
74, 81, 1024
95, 85, 1032
106, 69, 1031
106, 69, 1031
102, 62, 1025
85, 72, 1027
67, 76, 1014
-,-,-
78, 58, 991
78, 58, 991
60, 60, 1061
74, 51, 1037
74, 51, 1037
80, 59, 1042
108, 78, 1025
114, 92, 1024
97, 78, 1033
-,-,-
81, 69, 1020
81, 69, 1020
62, 56, 1034
67, 76, 1039
82, 83, 1018
86, 88, 1018
86, 88, 1018
98, 66, 1015
98, 63, 1006
81, 71, 1000
81, 71, 1000
76, 66, 1007
76, 66, 1012
86, 63, 1018
86, 63, 1018
91, 65, 1021
83, 73, 1019
-,-,-
73, 53, 1027
73, 53, 1027
53, 51, 1038
68, 68, 1026
82, 64, 1019
82, 64, 1019
86, 64, 1020
80, 68, 1024
77, 76, 1020
77, 76, 1020
75, 78, 1022
62, 80, 1018
66, 91, 1011
-,-,-
49, 58, 1054
60, 59, 1043
56, 67, 1002
56, 67, 1002
66, 83, 1030
89, 76, 1014
104, 65, 1023
104, 65, 1023
95, 70, 1029
92, 84, 1006
79, 87, 1028
76, 82, 1025
76, 82, 1025
60, 90, 1020
-,-,-
47, 58, 1020
29, 67, 1019
29, 67, 1019
39, 66, 1016
58, 73, 1022
89, 70, 1028
101, 60, 1018
101, 60, 1018
72, 67, 1017
50, 75, 1008
64, 71, 1006
64, 71, 1006
83, 73, 1011
92, 73, 1016
77, 69, 1030
50, 91, 1048
50, 91, 1048
-,-,-
40, 56, 987
41, 57, 1006
41, 54, 1026
50, 69, 1007
50, 69, 1007
61, 71, 1017
63, 60, 1019
66, 70, 1020
66, 72, 1017
66, 72, 1017
69, 68, 1007
60, 76, 1008
59, 74, 1012
59, 74, 1012
51, 73, 1021
50, 68, 1028
-,-,-
28, 66, 997
36, 44, 982
54, 55, 998
51, 51, 1031
51, 51, 1031
51, 54, 1013
49, 58, 1021
56, 61, 1020
56, 61, 1020
61, 68, 1019
58, 69, 1011
58, 65, 1010
58, 65, 1010
53, 65, 1017
48, 64, 1013
45, 63, 1029
47, 57, 1023
-,-,-
26, 41, 980
40, 42, 1027
45, 60, 1016
58, 60, 1021
58, 60, 1021
63, 62, 1031
68, 57, 1031
64, 55, 1032
64, 55, 1032
65, 59, 1023
53, 72, 1013
51, 62, 1014
51, 62, 1014
47, 54, 1007
49, 44, 1014
-,-,-
22, 38, 976
33, 60, 995
35, 51, 1045
49, 67, 1026
49, 67, 1026
66, 60, 1033
74, 57, 1033
73, 58, 1024
73, 58, 1024
60, 65, 1030
44, 72, 1031
37, 68, 1011
-,-,-
52, 60, 1038
33, 47, 1009
33, 47, 1009
49, 48, 1045
53, 73, 1026
78, 69, 1020
81, 54, 1024
81, 54, 1024
82, 59, 1019
72, 67, 1007
59, 68, 1017
59, 68, 1017
55, 69, 1017
59, 74, 1036
58, 70, 1029
58, 70, 1029
-,-,-
49, 47, 1011
49, 47, 1011
33, 46, 1040
58, 63, 1013
65, 58, 1020
65, 58, 1020
74, 63, 1019
72, 69, 1027
68, 68, 1029
63, 66, 1021
63, 66, 1021
63, 71, 1028
60, 71, 1021
57, 73, 1016
57, 73, 1016
-,-,-
12, 35, 1051
54, 56, 982
66, 57, 1016
66, 57, 1016
69, 56, 1026
80, 67, 1025
72, 73, 1022
72, 73, 1022
85, 67, 1028
86, 55, 1025
75, 55, 1034
75, 55, 1034
52, 84, 1026
36, 91, 1010
-,-,-
40, 37, 1026
57, 35, 1001
57, 35, 1001
59, 53, 1002
60, 79, 997
29, 61, 1025
48, 64, 1021
48, 64, 1021
49, 58, 1012
52, 45, 1020
42, 46, 1023
42, 46, 1023
43, 43, 1021
49, 38, 1030
50, 51, 1028
50, 51, 1028
36, 84, 1019
-,-,-
-6, 55, 1047
81, 1, 963
36, 64, 1022
36, 64, 1022
45, 74, 1017
52, 60, 1029
63, 52, 1030
63, 52, 1030
67, 47, 1033
56, 57, 1009
30, 76, 1004
30, 76, 1004
28, 80, 1015
23, 68, 1020
32, 64, 1044
44, 57, 1037
