-,-,-
39, -16, 994
15, -65, 1026
15, -65, 1026
-1, -146, 1114
-27, -85, 1584
-34, -124, 1800
-163, -133, 1998
-230, -190, 1997
-201, -195, 1649
-111, -61, 1194
-47, 66, 716
-51, 53, 326
-51, 53, 326
-1, 81, 11
61, 162, -3
107, 135, 63
-,-,-
62, 15, 981
48, -100, 957
63, -30, 1083
109, 31, 1086
109, 31, 1086
169, 61, 1125
-6, -51, 1873
-126, -145, 1998
-250, -210, 1998
-231, -285, 1924
-184, -274, 1438
-153, -177, 937
-83, -44, 349
-,-,-
74, -66, 1026
87, -9, 1109
98, -47, 1079
194, -71, 1032
255, 30, 928
255, 30, 928
181, 50, 1610
9, -278, 1998
-34, -451, 1998
-4, -466, 1924
-16, -357, 1563
-71, -357, 1258
-71, -238, 1258
-76, -175, 817
-,-,-
87, -85, 966
87, -85, 966
102, 57, 1052
129, 27, 1134
-126, -88, 1857
-399, -293, 1998
-522, -276, 1998
-399, -264, 1986
-212, -240, 1489
-56, -166, 830
-56, -166, 830
-,-,-
-5, -39, 1194
72, 88, 1073
107, -180, 800
157, -122, 983
157, -122, 983
14, 8, 1708
-182, -273, 1998
-294, -314, 1998
-293, -282, 1982
-212, -272, 1493
-127, -169, 895
-65, -12, 355
-42, 117, 106
-39, 145, 34
-,-,-
66, -104, 1000
104, 5, 1043
104, 5, 1043
182, -96, 887
166, -111, 940
72, -48, 1502
-196, -175, 1998
-299, -321, 1998
-309, -322, 1998
-307, -227, 1736
-252, -135, 1267
-168, -106, 687
-,-,-
32, -83, 895
32, -83, 895
61, -86, 1057
94, -39, 1131
140, -91, 980
202, -128, 927
202, -128, 927
192, -145, 1489
68, -334, 1998
-88, -466, 1998
-238, -374, 1998
-269, -278, 1861
-189, -241, 1222
-,-,-
44, -27, 968
55, -38, 1109
87, -187, 1044
67, -248, 1554
67, -248, 1554
-53, -281, 1998
-129, -457, 1998
-124, -343, 1967
-49, -259, 1459
9, -114, 944
67, 35, 508
117, 110, 210
117, 110, 210
-,-,-
126, -128, 905
168, -44, 1045
177, -37, 1168
177, -37, 1168
-35, -221, 1856
-203, -372, 1998
-248, -347, 1998
-154, -299, 1847
-61, -256, 1334
-3, -166, 951
24, -50, 639
-,-,-
27, -242, 1185
-117, -137, 1922
-241, -279, 1998
-276, -480, 1998
-174, -318, 1854
-90, -157, 1229
-74, -124, 863
-69, 9, 546
-69, 9, 546
-14, 129, 126
-,-,-
72, 84, 1238
72, 84, 1238
89, 160, 1578
-123, -153, 1994
-312, -430, 1998
-383, -264, 1998
-317, -243, 1827
-202, -184, 1308
-77, -50, 748
0, 108, 206
-,-,-
43, -57, 1365
-94, -285, 1713
-286, -358, 1986
-404, -200, 1998
-394, -217, 1975
-231, -243, 1516
-73, -90, 876
41, 96, 466
41, 96, 466
147, 145, 135
212, 115, -114
278, 195, -211
-,-,-
3, -36, 1247
-201, -71, 1855
-515, -191, 1998
-768, -162, 1998
-748, -103, 1975
-537, -112, 1497
-319, 13, 1009
-185, 73, 685
-98, 91, 489
-98, 91, 489
-11, 190, 361
116, 288, 174
-,-,-
4, -94, 1215
-84, -200, 1624
-159, -304, 1963
-190, -434, 1998
-197, -423, 1903
-145, -386, 1557
-128, -260, 1219
-105, -113, 871
-52, 45, 485
31, 182, 175
-,-,-
-41, -204, 1282
-245, -119, 1729
-407, -130, 1998
-472, -180, 1982
-433, -124, 1770
-399, -120, 1464
-328, -31, 1225
-183, 58, 782
-10, 53, 333
85, 123, 165
85, 123, 165
148, 227, 168
-,-,-
75, -81, 1056
50, 5, 1455
50, 5, 1455
-142, -173, 1996
-168, -368, 1998
-69, -363, 1927
-28, -268, 1663
0, -206, 1350
0, -104, 927
0, -104, 927
27, 20, 469
92, 149, 142
153, 208, -30
153, 208, -30
-,-,-
28, -55, 1361
28, -55, 1361
-308, -187, 1998
-471, -361, 1998
-444, -450, 1998
-237, -368, 1669
-75, -252, 1156
35, -109, 600
144, 10, 143
204, 135, -38
228, 225, -139
244, 225, -229
-,-,-
-151, -86, 1881
-185, -161, 1962
-190, -142, 1953
-157, -97, 1627
-129, -40, 1279
-93, 23, 912
-20, 42, 566
-20, 42, 566
101, 110, 259
195, 191, 39
236, 225, 10
236, 225, 10
-,-,-
84, 13, 1364
84, 13, 1364
-23, -40, 1937
-120, -374, 1998
-163, -470, 1998
-106, -367, 1826
6, -304, 1230
86, -213, 747
119, -57, 416
119, -57, 416
150, 66, 140
194, 171, -30
-,-,-
41, -62, 1057
61, -143, 1142
-87, -138, 1811
-167, -288, 1998
-145, -340, 1961
-89, -325, 1751
-62, -255, 1496
-30, -182, 1166
43, -65, 686
142, 136, 266
179, 251, 77
179, 251, 77
-,-,-
54, 165, 929
34, 19, 1208
-78, -135, 1848
-111, -199, 1998
12, -297, 1900
79, -343, 1679
72, -316, 1500
47, -172, 1229
47, -172, 1229
93, -100, 801
156, 7, 404
178, 147, 221
176, 232, 145
176, 232, 145
181, 280, 124
-,-,-
-88, 21, 1850
-265, -265, 1998
-148, -480, 1988
0, -245, 1777
0, -245, 1777
49, -196, 1407
40, -180, 1030
52, -112, 638
109, 19, 240
164, 148, 41
164, 148, 41
-,-,-
58, 65, 1117
58, 65, 1117
-76, -115, 1759
-216, -287, 1985
-225, -249, 1998
-155, -170, 1767
-23, -206, 1301
59, -136, 966
114, -26, 637
-,-,-
15, -17, 871
-40, -23, 1142
-401, 105, 1982
-541, -161, 1998
-460, -295, 1996
-285, -243, 1670
-104, -260, 1174
18, -202, 766
115, -40, 501
-,-,-
25, 27, 1026
65, -5, 1438
65, -5, 1438
-135, -113, 1984
-255, -256, 1998
-229, -231, 1980
-140, -226, 1598
-57, -154, 1176
-3, -54, 820
63, 24, 391
144, 85, 57
-,-,-
27, 77, 1099
27, 77, 1099
142, 8, 1068
111, -162, 1194
-59, -208, 1668
-138, -273, 1966
-188, -296, 1949
-198, -285, 1708
-169, -223, 1416
-125, -139, 1126
-64, -19, 876
-,-,-
41, 12, 1075
93, -66, 1413
93, -66, 1413
-82, -179, 1880
-343, -207, 1998
-392, -265, 1998
-326, -294, 1845
-213, -228, 1452
-79, -174, 894
14, -63, 432
91, 13, 50
91, 13, 50
168, 84, -165
227, 162, -196
264, 236, -112
-,-,-
49, 80, 1021
49, 80, 1021
119, 89, 1008
98, 91, 1031
41, -11, 1390
41, -11, 1390
20, -102, 1808
75, -183, 1786
126, -267, 1800
71, -309, 1722
3, -229, 1545
41, -184, 1081
86, -116, 671
86, -116, 671
117, 10, 455
-,-,-
67, 4, 994
92, -66, 897
46, -43, 1034
40, 108, 1073
40, 108, 1073
-113, 49, 1650
-242, -102, 1962
-306, 34, 1998
-299, 35, 1889
-189, -57, 1465
-105, -7, 1104
-67, 76, 874
-67, 76, 874
-15, 95, 566
-,-,-
36, 41, 1053
61, 90, 1053
61, 90, 1053
81, 53, 955
-59, 50, 1417
-236, -5, 1720
-393, -138, 1993
-351, -201, 1986
-146, -180, 1589
37, -190, 1138
138, -184, 879
-,-,-
-21, 36, 1085
-41, 90, 1174
-96, 10, 1287
-96, 10, 1287
-243, 0, 1820
-281, -77, 1827
-319, -108, 1851
-313, -127, 1857
-245, -154, 1616
-156, -133, 1279
-99, -116, 1004
-,-,-
29, 88, 1026
63, 66, 1067
96, -3, 1027
96, -3, 1027
125, 19, 1001
67, 13, 1231
-172, -120, 1818
-430, -306, 1998
-537, -333, 1998
-466, -282, 1793
-362, -158, 1348
-276, -139, 1008
-200, -102, 736
-,-,-
33, -75, 1345
-61, -95, 1913
-61, -95, 1913
-74, -233, 1929
-205, -195, 1972
-286, -200, 1926
-312, -234, 1617
-290, -161, 1354
-225, -94, 967
-98, -57, 501
29, 20, 117
-,-,-
-8, -64, 1080
25, 12, 1136
90, 290, 1141
42, 311, 1541
-246, 37, 1998
-246, 37, 1998
-308, -226, 1998
-225, -223, 1815
-93, -235, 1238
-20, -269, 854
-37, -180, 762
2, -97, 538
88, 27, 349
88, 27, 349
117, 190, 246
95, 226, 193
-,-,-
31, -132, 1008
62, 23, 977
113, 67, 962
113, 67, 962
155, -16, 994
187, -68, 1005
180, -40, 1061
128, -12, 1334
89, -186, 1837
89, -186, 1837
41, -232, 1826
35, -185, 1691
-2, -142, 1580
-34, -100, 1388
-44, -50, 1145
-43, 29, 901
-39, 96, 711
-,-,-
-38, -50, 1078
-15, 45, 1147
-15, 45, 1147
61, 77, 998
112, 46, 951
120, -47, 949
89, -2, 1140
89, -2, 1140
50, -41, 1654
6, -124, 1823
-44, -151, 1945
-130, -134, 1998
-181, -124, 1852
-151, -207, 1355
-83, -155, 912
-83, -155, 912
-23, -45, 571
33, 49, 270
-,-,-
57, 7, 936
57, 7, 936
99, 37, 942
134, -81, 1005
134, -81, 1144
130, -34, 1144
135, 20, 1079
80, -98, 1450
-87, -165, 1933
-160, -210, 1998
-196, -169, 1870
-194, -164, 1565
-,-,-
1, 29, 993
42, -43, 1011
42, -43, 1011
63, -121, 997
74, -82, 984
126, -18, 1021
168, 12, 1029
137, 38, 1059
137, 38, 1059
48, -65, 1494
-159, -109, 1992
-215, -146, 1998
-207, -163, 1963
-159, -181, 1566
-140, -133, 1176
-127, -41, 870
-79, 46, 578
14, 123, 254
-,-,-
37, -20, 1073
69, 80, 1033
141, 64, 953
207, -55, 826
149, -9, 1295
149, -9, 1295
-36, -195, 1944
-257, -299, 1998
-308, -303, 1997
-244, -256, 1690
-131, -177, 1237
-60, -79, 915
1, -67, 549
63, 47, 243
-,-,-
129, -9, 1013
241, 84, 944
241, 84, 944
188, 53, 951
15, -68, 1283
-254, -265, 1886
-436, -285, 1998
-392, -234, 1973
-264, -203, 1608
-114, -192, 1195
-11, -67, 987
60, 30, 748
60, 30, 748
130, 87, 486
-,-,-
219, -25, 984
209, 76, 1105
237, 92, 1117
74, -89, 1434
74, -89, 1434
-294, -209, 1906
-532, -158, 1998
-549, -177, 1988
-426, -162, 1621
-271, -136, 1177
-148, -109, 810
-,-,-
58, 108, 1020
128, 88, 956
128, 88, 956
161, -23, 918
138, 28, 1085
113, 102, 1087
-4, 9, 1351
-4, 9, 1351
-259, -135, 1988
-371, -192, 1998
-370, -140, 1998
-241, -228, 1742
-114, -239, 1297
21, -166, 909
137, -106, 511
-,-,-
10, -48, 1032
33, 1, 1067
47, 47, 1084
95, 12, 1001
95, 12, 1001
35, -16, 1128
-114, -95, 1803
-285, -164, 1998
-286, -167, 1998
-175, -209, 1756
-79, -236, 1334
16, -170, 917
142, -103, 463
234, -57, 108
234, -57, 108
274, 51, 1
-,-,-
27, -21, 963
24, -45, 1056
24, -45, 1056
30, -7, 1120
48, 58, 1180
-4, -79, 1565
-182, -180, 1981
-271, -195, 1998
-259, -213, 1950
-147, -196, 1488
-54, -165, 1067
-54, -165, 1067
18, -44, 670
75, 39, 348
128, 111, 109
-,-,-
35, -98, 992
62, -143, 867
7, -109, 1032
14, 38, 1141
73, 108, 1007
73, 108, 1007
80, 36, 998
9, 0, 1195
-58, -16, 1567
-58, -16, 1567
-173, -109, 1942
-238, -217, 1998
-273, -154, 1952
-214, -133, 1628
-125, -93, 1212
-,-,-
13, -8, 966
30, 48, 1020
30, 48, 1020
71, 4, 1039
55, -22, 1046
-20, -53, 1101
-163, -64, 1624
-163, -64, 1624
-344, -176, 1998
-381, -234, 1998
-276, -208, 1829
-151, -185, 1443
-37, -119, 1066
59, -34, 675
147, 80, 339
238, 186, 64
-,-,-
0, 28, 1086
89, -38, 921
121, -46, 874
121, -46, 874
108, -5, 937
19, 40, 1052
-146, -12, 1484
-402, -20, 1988
-467, -23, 1998
-386, -19, 1938
-386, -19, 1938
-281, -75, 1591
-167, -133, 1206
-75, -82, 932
18, -64, 589
100, 63, 290
-,-,-
-40, -19, 1059
-40, -19, 1059
2, -1, 876
45, 44, 1017
77, -63, 1061
39, -88, 1112
39, -88, 1112
5, -54, 1292
-98, -95, 1805
-182, -174, 1940
-210, -149, 1997
-171, -164, 1737
-126, -110, 1504
-61, -64, 1156
39, -28, 734
39, -28, 734
-,-,-
6, 81, 1126
6, 81, 1126
82, 90, 1033
153, -108, 871
118, -74, 1050
39, -21, 1389
39, -21, 1389
-84, -226, 1979
-102, -311, 1956
-45, -232, 1796
0, -220, 1498
37, -204, 1247
73, -145, 960
115, -24, 651
182, -24, 343
-,-,-
-70, 57, 939
-70, 57, 939
0, 63, 935
38, -22, 1079
81, -34, 1049
81, -34, 1049
115, -32, 984
118, -22, 1049
101, -61, 1082
-31, -86, 1569
-237, -158, 1998
-234, -192, 1998
-121, -190, 1754
-19, -139, 1334
-,-,-
56, -52, 1032
112, -151, 992
101, -3, 1111
105, 26, 1057
74, -22, 1073
-9, -81, 1603
-9, -81, 1603
-222, -151, 1998
-308, -260, 1998
-206, -212, 1794
-69, -197, 1201
46, -141, 878
118, -102, 503
189, -22, 130
251, 76, -176
-,-,-
53, -72, 977
73, 23, 960
73, 23, 960
88, 20, 1028
92, 40, 1101
95, 36, 1071
95, 36, 1071
101, 29, 1061
-15, -61, 1642
-235, -156, 1998
-277, -169, 1998
-237, -135, 1808
-140, -98, 1388
-3, -94, 928
117, -56, 523
117, -56, 523
195, 57, 282
246, 137, 117
-,-,-
110, 22, 920
110, 22, 920
121, 26, 1029
77, 14, 1142
47, 20, 1189
-109, -109, 1796
-225, -144, 1998
-209, -188, 1996
-106, -185, 1743
-5, -172, 1324
-5, -172, 1324
80, -124, 939
167, -73, 516
255, 35, 195
-,-,-
27, -145, 966
1, -34, 1096
33, 59, 1089
89, 0, 943
89, 0, 943
65, -81, 1025
5, -30, 1161
-21, 0, 1361
-21, 0, 1361
-161, -142, 1864
-259, -252, 1985
-295, -242, 1998
-249, -262, 1901
-127, -289, 1478
30, -184, 1049
281, -148, 329
419, 2, -91
-,-,-
-15, 5, 1029
22, -46, 1002
22, 2, 1130
92, 1, 1015
92, 1, 1015
101, -30, 1037
93, -97, 1130
0, -202, 1738
-124, -259, 1997
-127, -235, 1991
-72, -215, 1741
-22, -165, 1455
-22, -165, 1455
9, -98, 1042
85, -47, 625
-,-,-
-18, 18, 1051
38, 51, 1107
134, -86, 955
159, -135, 898
159, -135, 898
131, -97, 1027
123, -94, 1054
108, -77, 1054
-8, -171, 1586
-169, -232, 1998
-179, -244, 1998
-78, -183, 1805
26, -145, 1419
91, -102, 1063
141, -47, 735
-,-,-
27, -7, 977
76, -66, 1012
103, -125, 1060
122, -66, 1049
158, -20, 983
158, -20, 983
173, -76, 929
113, -85, 1025
-25, -134, 1548
-214, -144, 1998
-237, -140, 1998
-120, -122, 1784
0, -93, 1423
65, -63, 1122
65, -63, 1122
113, -5, 866
179, 37, 522
265, 53, 131
-,-,-
-83, -51, 1162
26, 33, 862
42, 3, 942
42, 3, 942
21, -28, 1157
12, -40, 1179
-3, -87, 1391
-3, -87, 1391
-142, -155, 1959
-135, -241, 1998
-42, -258, 1784
62, -189, 1352
107, -110, 993
126, -25, 726
155, 83, 474
195, 111, 164
-,-,-
66, -1, 985
50, -77, 1015
-80, 38, 1407
-80, 38, 1407
-110, -47, 1959
-157, -90, 1990
-74, -262, 1801
-8, -213, 1516
57, -131, 1076
199, -149, 554
-,-,-
8, -88, 1182
67, 11, 1082
97, 3, 1025
74, -133, 1028
0, -90, 1566
0, -90, 1566
-130, -255, 1979
-162, -351, 1998
-96, -305, 1820
15, -192, 1273
79, -35, 896
106, 83, 426
106, 83, 426
182, 195, 87
-,-,-
-6, -40, 1007
-6, -40, 1007
-5, -17, 1067
-2, -2, 1084
-30, -47, 1151
-55, -125, 1712
-225, -170, 1998
-226, -194, 1998
-111, -173, 1722
-21, -114, 1257
-21, -114, 1257
-,-,-
-3, -37, 1054
-3, -37, 1054
33, -59, 1046
42, 12, 1050
39, 87, 1257
-54, -109, 1728
-161, -216, 1998
-174, -218, 1998
-111, -232, 1914
-19, -213, 1428
21, -141, 914
21, -141, 914
-,-,-
13, -68, 1041
3, -44, 1169
-68, -72, 1304
-144, -187, 1770
-252, -85, 1998
-135, -213, 1897
-28, -115, 1552
-28, -115, 1552
71, -52, 1102
92, -32, 795
74, 50, 678
87, 170, 435
187, 231, 93
187, 231, 93
-,-,-
7, -109, 978
39, -37, 1085
80, -37, 1059
80, 6, 1059
87, -2, 1036
-19, -97, 1168
-167, -111, 1735
-282, -158, 1998
-171, -274, 1885
-27, -261, 1522
35, -219, 1292
35, -219, 1292
39, -140, 1094
30, -57, 888
-,-,-
20, -39, 980
-17, 94, 1130
-164, 66, 1502
-403, 32, 1998
-403, 32, 1998
-420, -60, 1998
-267, -142, 1906
-84, -170, 1478
60, -208, 1021
186, -133, 566
247, -26, 269
-,-,-
54, 45, 992
94, -16, 917
94, -16, 917
109, -40, 1043
40, -9, 1426
-159, -172, 1948
-313, -241, 1998
-297, -183, 1929
-227, -166, 1528
-138, -95, 1204
-37, -56, 779
-37, -56, 779
54, 19, 450
-,-,-
78, 95, 988
78, 95, 988
132, 110, 961
78, 25, 1225
35, -44, 1876
35, -44, 1876
-156, -125, 1998
-254, -163, 1998
-232, -274, 1923
-161, -331, 1177
-,-,-
0, 79, 1056
115, 65, 1002
120, 35, 1126
120, 35, 1126
53, -27, 1366
-75, -141, 1805
-296, -418, 1998
-289, -469, 1998
-134, -422, 1729
5, -282, 970
134, -144, 301
-,-,-
36, 73, 1130
100, 148, 1022
142, 155, 1109
61, 202, 1384
-395, 66, 1998
-495, -242, 1998
-307, -389, 1950
-48, -491, 1266
118, -503, 448
118, -503, 448
152, -342, -32
-,-,-
-13, -46, 1039
0, 49, 1139
0, 49, 1139
90, 47, 994
164, 37, 945
130, -10, 1131
130, -10, 1131
12, 98, 1725
-215, -93, 1998
-241, -319, 1998
-115, -362, 1841
2, -332, 1233
7, -305, 757
-26, -196, 448
-26, -196, 448
-,-,-
34, 75, 1119
75, 139, 1197
86, 103, 1240
86, 103, 1240
-23, -56, 1777
-251, -168, 1998
-243, -268, 1997
-73, -266, 1594
81, -282, 983
167, -275, 451
219, -106, 103
-,-,-
13, 2, 1107
13, 2, 1107
57, -39, 1027
94, -2, 994
124, 10, 1025
124, 10, 1025
190, -116, 1041
55, -19, 1340
-310, 16, 1997
-445, -110, 1998
-294, -151, 1904
-57, -135, 1299
98, -155, 798
191, -151, 420
191, -151, 420
-,-,-
60, -32, 978
6, -27, 1110
-59, 34, 1509
-195, -173, 1968
-268, -297, 1998
-323, -204, 1998
-267, -174, 1816
-162, -137, 1317
-37, -101, 774
-37, -101, 774
100, -18, 279
-,-,-
76, -59, 939
76, -102, 992
37, -51, 1214
-19, -79, 1311
-223, -226, 1977
-346, -338, 1998
-327, -293, 1986
-213, -260, 1527
-59, -226, 1056
59, -142, 546
59, -142, 546
122, 99, 202
-,-,-
32, 91, 1007
53, 40, 880
-76, -82, 1096
-263, -10, 1578
-430, -102, 1998
-428, -217, 1987
-428, -217, 1987
-302, -194, 1810
-109, -177, 1492
30, -152, 1092
-,-,-
49, 89, 1044
49, 89, 1044
92, -164, 869
-113, -16, 1687
-259, -194, 1998
-184, -352, 1998
-97, -387, 1978
-87, -420, 1592
-34, -281, 887
41, -111, 248
93, 44, -195
-,-,-
15, -75, 1085
78, -62, 1207
152, -94, 973
120, -93, 1355
120, -93, 1355
-84, -243, 1998
-160, -377, 1998
-179, -169, 1987
-197, -170, 1695
-172, -136, 1213
-80, -37, 618
60, -11, 68
134, 121, -252
-,-,-
82, -97, 1033
77, -22, 1261
77, -22, 1261
44, -229, 1501
-302, -273, 1998
-405, -417, 1998
-323, -310, 1843
-162, -215, 1255
-25, -150, 778
86, -27, 350
191, 127, -43
-,-,-
71, 22, 1278
71, 22, 1278
126, -222, 1449
-172, -220, 1998
-279, -323, 1998
-275, -334, 1992
-173, -262, 1559
-47, -179, 880
47, -89, 342
120, 0, -55
120, 0, -55
-,-,-
101, 26, 1097
101, 26, 1097
113, -10, 1209
67, -230, 1582
-97, -221, 1990
-181, -258, 1998
-152, -201, 1892
-123, -135, 1425
-47, -16, 977
-,-,-
82, -41, 996
82, -41, 996
92, -49, 928
-7, -45, 1166
-96, -113, 1657
-141, -249, 1998
-56, -391, 1987
66, -438, 1806
133, -356, 1424
155, -273, 1026
155, -273, 1026
129, -135, 775
128, -14, 387
174, 109, -29
-,-,-
50, -76, 1000
67, -81, 946
104, -36, 1110
104, -41, 1049
89, -53, 1087
71, -39, 1296
71, -39, 1296
-80, -233, 1932
-191, -305, 1998
-210, -253, 1983
-122, -241, 1621
-64, -164, 1236
-,-,-
27, -21, 1150
27, -21, 1150
113, -102, 981
183, -29, 875
244, 3, 968
207, -155, 1293
76, -341, 1900
76, -341, 1900
-76, -426, 1998
-143, -316, 1998
-143, -319, 1708
-89, -233, 1233
-10, -134, 817
32, -1, 494
116, 129, 133
-,-,-
-2, -56, 1435
-114, -133, 1808
-180, -219, 1998
-185, -162, 1889
-164, -99, 1648
-114, -164, 1274
-27, -133, 884
93, 5, 418
93, 5, 418
194, 116, 59
-,-,-
140, 2, 917
210, -126, 819
93, -69, 1119
93, -69, 1119
-183, 39, 1819
-403, -78, 1998
-403, -57, 1993
-326, 8, 1715
-230, 82, 1276
-123, 66, 796
-123, 66, 796
-,-,-
-24, 2, 1178
-27, -14, 1207
-169, -174, 1752
-271, -166, 1998
-248, -229, 1962
-185, -136, 1740
-86, -110, 1424
11, -65, 996
11, -65, 996
90, -18, 617
-,-,-
100, -57, 1106
83, -77, 1475
-44, -178, 1767
-144, -216, 1855
-192, -213, 1883
-182, -159, 1736
-115, -105, 1414
-57, -92, 1042
-57, -92, 1042
-13, -45, 816
64, 57, 476
164, 179, 178
247, 234, -39
247, 234, -39
-,-,-
83, 12, 1026
106, -40, 1064
106, -40, 1064
3, -71, 1470
-165, -55, 1998
-184, -209, 1926
-164, -210, 1948
-150, -266, 1774
-51, -221, 1351
101, -171, 782
195, -90, 386
-,-,-
18, 27, 1105
18, 27, 1105
-43, -26, 1377
-237, 23, 1868
-291, -105, 1998
-146, -180, 1748
-1, -112, 1429
76, -126, 1147
110, -129, 891
110, -129, 891
189, -38, 598
-,-,-
100, 69, 1139
152, -51, 1313
-49, -243, 1916
-206, -281, 1998
-230, -264, 1976
-195, -310, 1704
-152, -290, 1402
-80, -208, 893
-80, -208, 893
21, -111, 383
125, -40, 1
164, 103, -77
-,-,-
61, -88, 940
61, -88, 940
59, -47, 969
19, 32, 1112
30, -17, 1153
-126, -159, 1661
-231, -193, 1969
-237, -112, 1945
-141, -125, 1574
-,-,-
-104, -92, 1606
-104, -92, 1606
-249, -283, 1921
-238, -243, 1895
-145, -158, 1694
-59, -177, 1392
-27, -162, 1094
-15, -16, 762
45, 67, 371
94, 210, 108
94, 210, 108
-,-,-
-7, 89, 1044
48, 71, 983
73, 90, 1009
18, 86, 1073
18, 86, 1073
-79, 3, 1610
-304, -19, 1993
-347, -30, 1983
-220, -47, 1664
-74, -1, 1193
44, 96, 819
-,-,-
-63, 83, 1029
19, -62, 989
-8, 109, 1121
-8, 109, 1121
38, 239, 1286
43, -48, 1462
-236, -93, 1982
-322, -76, 1998
-184, -92, 1678
8, -118, 1150
8, -118, 1150
-,-,-
-3, 48, 975
-16, 166, 1263
-16, 166, 1263
44, 201, 1366
-57, 152, 1849
-188, -50, 1991
-194, -104, 1968
-40, -88, 1541
136, -129, 1051
188, -156, 619
-,-,-
16, 57, 1005
16, 57, 1005
54, 25, 987
104, -15, 992
109, 50, 1017
109, 50, 1017
96, 115, 1244
-128, 80, 1908
-275, -30, 1998
-291, -106, 1947
-222, -143, 1574
-124, -127, 1136
-41, -84, 822
7, -28, 513
-,-,-
2, -35, 1051
21, 31, 1138
97, 80, 1144
-41, -25, 1749
-41, -25, 1749
-340, -138, 1998
-442, -112, 1998
-336, -67, 1823
-203, -18, 1304
-58, 18, 811
26, 63, 395
117, 53, 45
117, 53, 45
199, 140, -152
-,-,-
-10, 1, 1043
23, 80, 1048
11, 116, 1085
6, 2, 1241
6, 2, 1241
-233, -124, 1878
-472, -122, 1998
-467, -128, 1997
-284, -118, 1604
-123, -125, 1006
12, -22, 492
151, 78, 77
271, 119, -185
-,-,-
64, -159, 980
52, 64, 1099
91, 128, 1031
107, 40, 942
107, 40, 942
25, -34, 1101
-182, -56, 1585
-471, -122, 1998
-524, -136, 1998
-378, -50, 1781
-199, -16, 1388
-54, -12, 984
-,-,-
-19, 15, 1159
94, 19, 907
90, -42, 819
-127, 1, 1432
-127, 1, 1432
-419, -60, 1996
-483, -158, 1998
-367, -129, 1972
-197, -118, 1598
-56, -136, 1173
50, -123, 705
158, -53, 213
-,-,-
5, -40, 1094
6, -6, 1145
-92, -89, 1680
-302, -184, 1998
-297, -307, 1998
-164, -310, 1676
-69, -260, 1378
-11, -230, 1099
60, -163, 730
-,-,-
-79, -9, 1045
-72, 39, 1121
-72, 39, 1121
-67, -97, 1300
-139, -97, 1636
-165, -161, 1875
-225, -213, 1996
-217, -205, 1922
-84, -206, 1428
63, -178, 857
155, -70, 468
-,-,-
56, -96, 1072
56, -96, 1072
-98, -152, 1555
-287, -129, 1998
-344, -185, 1998
-269, -201, 1828
-153, -123, 1348
-59, -101, 830
25, 1, 418
67, 115, 217
67, 115, 217
-,-,-
-10, -93, 1444
-165, -257, 1744
-307, -184, 1998
-282, -99, 1891
-207, -152, 1488
-179, -71, 1289
-179, -71, 1289
-98, -30, 894
23, 12, 440
121, 105, 171
213, 145, -51
-,-,-
-362, -32, 1762
-367, -102, 1893
-255, -140, 1613
-153, -94, 1488
-153, -94, 1488
-75, -65, 1380
0, -94, 1140
96, -87, 848
179, -32, 559
251, 46, 368
251, 46, 368
267, 100, 266
-,-,-
-33, 2, 1047
28, 0, 1082
28, 0, 1082
0, -74, 1467
-160, -79, 1974
-228, -131, 1998
-230, -154, 1877
-186, -127, 1501
-117, -46, 1123
-17, 27, 670
-17, 27, 670
-,-,-
-48, -35, 1043
-40, 56, 1088
-37, 53, 1081
-79, -53, 1461
-294, -150, 1965
-326, -172, 1998
-222, -230, 1779
-86, -208, 1421
37, -169, 1005
37, -169, 1005
143, -94, 600
208, 10, 302
-,-,-
0, -53, 1006
0, -53, 1006
-38, -34, 1097
-66, 35, 1400
-109, -46, 1851
-234, -174, 1998
-292, -217, 1998
-167, -188, 1658
-12, -110, 921
-29, -17, 530
-29, -17, 530
-,-,-
-34, -9, 1022
4, 83, 1131
4, 83, 1131
-39, 46, 1408
-233, 100, 1948
-367, 29, 1998
-361, -110, 1977
-248, -183, 1680
-104, -169, 1094
21, -108, 529
21, -108, 529
74, -48, 176
-,-,-
-34, 74, 1005
53, 86, 1077
53, 86, 1077
40, 37, 1220
-233, -18, 1794
-553, -29, 1998
-601, -145, 1998
-425, -187, 1766
-226, -176, 1192
-60, -127, 587
32, -23, 161
-,-,-
-26, 69, 1044
-15, 33, 1090
-31, -152, 1223
-163, -200, 1717
-278, -162, 1998
-265, -190, 1971
-204, -181, 1646
-129, -140, 1209
-92, -6, 874
-92, -6, 874
-54, 58, 591
-8, 155, 390
47, 215, 226
47, 215, 226
-,-,-
-82, 38, 1268
-202, -37, 1777
-307, -98, 1873
-388, 16, 1921
-320, 24, 1636
-320, 24, 1636
-202, -26, 1239
-109, 0, 896
-13, 21, 512
103, 95, 275
179, 92, 127
-,-,-
-35, -47, 1132
-87, -42, 1434
-303, -96, 1857
-463, -154, 1998
-486, -165, 1993
-351, -118, 1681
-190, -96, 1224
-190, -96, 1224
-39, -40, 717
111, 6, 289
192, 98, 63
-,-,-
-58, -74, 1037
23, -74, 1042
-87, 0, 1429
-191, -27, 1706
-202, -237, 1868
-137, -88, 1997
-2, -39, 1720
-2, -39, 1720
158, -111, 1157
156, -46, 797
125, 10, 500
96, 135, 287
-,-,-
-16, 76, 1078
6, 83, 1190
6, 83, 1190
-50, 12, 1306
-229, -31, 1736
-346, 64, 1993
-347, 93, 1912
-241, 5, 1545
-119, 5, 1110
-119, -25, 1110
-75, 48, 907
8, 54, 625
119, 52, 335
119, 52, 335
193, 79, 205
-,-,-
-157, 5, 1305
-225, -60, 1595
-354, -32, 1947
-346, -4, 1965
-239, -86, 1648
-134, -50, 1359
-77, 22, 1103
-77, 22, 1103
18, 11, 744
136, 55, 359
226, 92, 38
226, 92, 38
-,-,-
-213, -76, 1702
-213, -76, 1702
-304, -79, 1799
-310, -124, 1758
-282, -60, 1693
-204, -44, 1392
-114, -12, 1149
-8, 19, 877
112, 58, 573
228, 120, 235
228, 120, 235
289, 183, 64
245, 245, 160
216, 265, 230
244, 166, 149
-,-,-
-26, -26, 1140
-14, -105, 1315
-124, -120, 1667
-244, -59, 1900
-304, -53, 1883
-304, -53, 1883
-272, -41, 1596
-185, 15, 1251
-89, 76, 892
2, 103, 620
86, 102, 386
86, 102, 386
181, 98, 131
200, 157, 127
176, 173, 250
-,-,-
-3, -45, 1014
11, -34, 1097
11, -34, 1097
7, -77, 1175
-43, -88, 1519
-191, -102, 1952
-256, -161, 1965
-147, -133, 1662
-40, -106, 1260
-24, -64, 979
19, -25, 704
19, -25, 704
86, 51, 412
125, 112, 247
129, 143, 375
-,-,-
42, -71, 952
42, -71, 952
44, -61, 1049
18, -43, 1172
-14, -75, 1290
-121, -151, 1609
-197, -279, 1869
-241, -198, 1860
-215, -162, 1682
-179, -122, 1416
-90, -31, 1038
-10, 32, 693
-10, 32, 693
30, 140, 504
-,-,-
-37, -16, 1039
5, 29, 1037
27, -23, 1052
27, -91, 1130
27, -91, 1130
16, -120, 1386
-48, -127, 1672
-144, -152, 1843
-209, -88, 1811
-205, -72, 1621
-218, -37, 1335
-219, 56, 1133
-129, 88, 833
9, 94, 530
9, 94, 530
119, 135, 346
173, 186, 259
-,-,-
-4, -141, 1128
-47, -73, 1339
-35, -83, 1491
-42, -166, 1563
-109, -134, 1662
-164, -40, 1653
-144, -33, 1453
-78, -37, 1114
-20, 0, 833
-20, 0, 833
17, 70, 670
71, 117, 554
71, 117, 554
127, 137, 413
-,-,-
10, -103, 1310
-36, -108, 1504
-57, -180, 1608
-77, -179, 1689
-63, -121, 1532
-57, -62, 1359
-26, -37, 1177
-26, -37, 1177
42, -3, 899
107, 78, 602
169, 114, 398
204, 165, 299
204, 165, 299
-,-,-
55, -181, 933
-33, -148, 1232
-160, 91, 1755
-191, -60, 1798
-186, -142, 1668
-185, -55, 1675
-172, -16, 1500
-109, -20, 1166
-23, 11, 850
-23, 11, 850
45, 98, 599
-,-,-
-8, -20, 1115
-8, -20, 1115
-36, -63, 1155
-111, -40, 1377
-165, -83, 1729
-219, -112, 1693
-216, -103, 1666
-209, -70, 1560
-143, -72, 1291
-35, -14, 971
44, 106, 672
44, 106, 672
134, 154, 421
203, 171, 171
-,-,-
3, -38, 1102
3, -38, 1102
-17, -116, 1281
-170, -237, 1557
-398, -155, 1966
-543, -82, 1997
-498, -111, 1729
-295, -43, 1285
-97, 22, 780
81, 124, 411
246, 163, 109
246, 163, 109
378, 139, -110
-,-,-
-26, -45, 1121
10, -7, 1174
10, -7, 1174
-13, -65, 1304
-152, -66, 1666
-281, -26, 1870
-286, -7, 1741
-163, -17, 1407
-30, -20, 1071
68, 21, 845
68, 21, 845
143, -14, 578
202, 73, 476
230, 129, 315
-,-,-
-121, -97, 1144
-219, -73, 1446
-296, -55, 1766
-326, -54, 1767
-259, -65, 1628
-160, -62, 1377
-53, -33, 1078
35, 57, 768
35, 57, 768
107, 88, 457
152, 160, 295
162, 200, 214
-,-,-
4, -86, 975
-52, -82, 1141
-92, 0, 1411
-88, -23, 1517
-155, -21, 1685
-155, -21, 1685
-213, -42, 1751
-204, -64, 1571
-159, -61, 1380
-78, -46, 1120
0, -42, 831
34, -23, 605
71, 49, 434
71, 49, 434
136, 96, 294
-,-,-
-102, -72, 1045
-74, 1, 1028
-58, -14, 1085
-70, -67, 1238
-134, -96, 1505
-217, -76, 1737
-217, -76, 1737
-211, -78, 1708
-154, -31, 1546
-110, 4, 1378
-64, 37, 1126
11, 63, 856
-,-,-
-49, 4, 1052
-31, 16, 1031
-38, 66, 1128
0, 11, 1127
0, 11, 1127
-19, -65, 1314
-114, -97, 1582
-213, -83, 1750
-242, -28, 1682
-192, 25, 1368
-143, 85, 1113
-98, 135, 892
-98, 135, 892
-52, 185, 702
-,-,-
15, -52, 914
-29, 22, 921
-29, 22, 921
-15, -28, 1045
-32, -11, 1174
-2, -13, 1128
0, -34, 1167
-54, -53, 1454
-54, -53, 1454
-140, -112, 1585
-182, -101, 1629
-169, -53, 1547
-139, 0, 1376
-81, 19, 1122
-26, 69, 946
22, 100, 798
22, 100, 798
-,-,-
-88, -52, 1096
-49, -3, 1123
24, 2, 1007
44, 3, 1050
44, 3, 1050
33, -112, 1235
-62, -222, 1535
-139, -203, 1913
-106, -232, 1754
-53, -223, 1538
-15, -187, 1261
-2, -115, 993
17, -8, 785
-,-,-
-80, -6, 1011
-35, -28, 1048
18, -49, 973
18, -49, 973
9, -35, 1024
-22, -38, 1091
-36, -40, 1151
-24, -33, 1285
-124, -99, 1507
-267, -183, 1703
-362, -164, 1749
-362, -164, 1694
-333, -122, 1694
-249, -142, 1333
-175, -50, 1108
-,-,-
-35, -41, 907
-27, -43, 1058
-72, -29, 1073
-72, -29, 1073
-62, 24, 1044
-31, -46, 1010
-53, -26, 1182
-110, 5, 1421
-127, 34, 1612
-145, 24, 1610
-164, 69, 1686
-164, 69, 1686
-121, 24, 1442
-52, 53, 1151
18, 58, 848
-,-,-
-13, -48, 983
9, -3, 963
4, 8, 1054
4, 8, 1054
12, 4, 1105
14, -29, 1110
61, -70, 1260
61, -70, 1260
39, -80, 1484
-46, -115, 1712
-108, -136, 1707
-141, -107, 1568
-166, -33, 1379
-142, -17, 1037
-120, 57, 810
-,-,-
-112, 84, 1015
-81, 21, 1062
-54, -27, 1069
-54, -27, 1069
-4, -53, 996
-35, -63, 1119
-35, -184, 1280
-2, -240, 1701
-74, -236, 1998
-89, -286, 1998
-74, -142, 1819
-88, -36, 1333
-112, 73, 866
-112, 73, 866
-114, 242, 391
-,-,-
-165, -46, 1031
-176, -1, 1116
-310, 99, 1368
-459, 108, 1667
-561, 50, 1900
-575, 12, 1991
-506, 44, 1928
-362, 8, 1586
-362, 8, 1586
-165, -104, 1009
-,-,-
-154, -72, 1050
-142, -60, 1053
-142, -60, 1053
-107, -140, 984
-155, -166, 1088
-342, -39, 1514
-456, 81, 1998
-329, -71, 1998
-156, -178, 1987
-20, -211, 1609
5, -188, 1073
-53, -40, 688
-,-,-
-139, 51, 1131
-180, -20, 1047
-198, -31, 1119
-170, 39, 1217
-173, 19, 1586
-369, -88, 1990
-456, -258, 1998
-349, -257, 1966
-149, -182, 1477
0, -67, 970
76, 60, 533
76, 60, 533
86, 101, 244
66, 103, 42
-,-,-
-157, -90, 1156
-219, -54, 1076
-163, -53, 1026
-48, -50, 1111
-44, -74, 1480
-104, -155, 1903
-164, -217, 1998
-230, -244, 1995
-236, -155, 1704
-198, -61, 1228
-169, 50, 793
-169, 50, 793
-153, 168, 366
-129, 231, 102
-91, 229, -59
-,-,-
-180, -140, 1120
-111, -24, 986
-42, -17, 1101
-118, -27, 1554
-198, -86, 1862
-255, -169, 1957
-295, -172, 1939
-263, -154, 1630
-197, -67, 1196
-121, -7, 774
-68, 65, 496
-30, 112, 325
-30, 112, 325
-,-,-
-149, -20, 1024
-176, -76, 1255
-235, -95, 1627
-289, -66, 1873
-292, -129, 1980
-312, -144, 1962
-281, -120, 1647
-176, -95, 1123
-72, 9, 731
-72, 9, 731
-6, 115, 414
68, 164, 165
-,-,-
-164, 26, 963
-161, -45, 1214
-212, -45, 1406
-298, -53, 1740
-366, -101, 1919
-371, -113, 1937
-300, -149, 1679
-183, -85, 1317
-183, -85, 1317
-79, -5, 965
-8, 82, 649
70, 137, 363
96, 180, 225
96, 180, 225
-,-,-
-337, -133, 1399
-186, -40, 1090
-84, 92, 1030
-189, 53, 1444
-387, -52, 1939
-442, -66, 1998
-355, -58, 1963
-355, -58, 1963
-176, -96, 1600
-8, -79, 1138
71, -33, 737
-,-,-
-144, -104, 1101
12, 81, 983
69, 94, 1140
69, 94, 1140
-27, 2, 1525
-180, -132, 1841
-238, -147, 1930
-197, -165, 1647
-109, -132, 1307
-76, -57, 1057
-67, -15, 826
-28, 39, 606
-28, 39, 606
44, 140, 371
96, 232, 237
124, 258, 172
-,-,-
-135, -86, 938
-20, 33, 905
-11, 56, 1163
-100, -46, 1455
-264, -184, 1822
-361, -152, 1967
-324, -88, 1726
-233, -54, 1392
-200, 30, 1170
-164, 119, 932
-164, 119, 932
-85, 179, 632
-,-,-
-96, -14, 1037
-106, 37, 1172
-164, -49, 1444
-243, -221, 1697
-272, -254, 1718
-199, -223, 1658
-102, -202, 1492
-45, -178, 1189
27, -88, 836
59, 24, 554
120, 62, 338
120, 62, 338
-,-,-
63, -44, 1058
14, 66, 1341
-40, -29, 1769
-40, -29, 1769
-95, -56, 1998
-39, -112, 1953
-6, -65, 1697
10, -68, 1286
-23, -33, 931
-82, -27, 645
-82, -27, 645
-97, 8, 363
-,-,-
19, -53, 1320
28, -67, 1543
-61, -117, 1945
-69, -157, 1929
7, -144, 1597
57, -44, 1265
57, -44, 1265
37, 5, 935
-15, 7, 681
-54, 98, 399
-54, 98, 399
-19, 181, 173
6, 213, 79
45, 153, 38
45, 153, 38
114, 124, 57
162, 187, 126
-,-,-
-16, -43, 1255
-123, -107, 1624
-236, -226, 1955
-258, -205, 1998
-156, -181, 1837
-57, -146, 1363
-57, -146, 1363
-33, -70, 981
-46, -7, 666
-57, 111, 369
-1, 129, 73
-,-,-
23, -50, 969
-61, -10, 1342
-149, -78, 1621
-149, -78, 1621
-183, -101, 1765
-197, -99, 1761
-191, -72, 1580
-190, -56, 1415
-127, -106, 1148
-62, -22, 871
30, 32, 537
95, 103, 282
95, 103, 282
-,-,-
-123, -61, 1044
-140, -139, 1255
-119, -54, 1200
-48, -18, 1186
-30, -129, 1363
-198, -156, 1839
-267, -186, 1988
-206, -186, 1734
-123, -117, 1349
-47, -31, 1001
15, 85, 773
15, 85, 773
67, 158, 551
124, 222, 381
-,-,-
-72, -10, 1339
-72, -10, 1339
11, -37, 1400
-107, -53, 1725
-253, -85, 1984
-289, -75, 1828
-202, -4, 1512
-100, 22, 1120
-37, 62, 821
6, 71, 513
6, 71, 513
-,-,-
-66, 13, 1055
-81, -62, 1381
-3, -173, 1493
-18, -93, 1689
-18, -93, 1689
-60, -96, 1695
-112, -79, 1619
-176, -86, 1484
-183, -84, 1270
-159, -8, 1025
-90, 96, 735
6, 157, 475
6, 157, 475
-,-,-
-55, -287, 1468
-31, -87, 1213
6, -42, 1286
-63, -65, 1590
-145, -113, 1779
-153, -145, 1781
-134, -124, 1592
-90, -40, 1295
-43, 21, 956
-43, 21, 956
0, 70, 585
39, 125, 348
39, 125, 348
83, 178, 178
-,-,-
-62, -33, 1153
-62, -33, 1153
-45, -26, 1312
-90, -34, 1631
-181, -80, 1941
-227, -126, 1884
-203, -105, 1568
-205, -41, 1244
-172, 3, 943
-126, 53, 641
-102, 79, 356
-102, 79, 356
-,-,-
-141, 4, 1250
-118, 17, 1403
-108, -34, 1615
-157, -40, 1835
-162, -87, 1829
-198, -89, 1683
-190, -52, 1424
-145, 0, 1016
-145, 0, 1016
-71, 68, 566
-17, 86, 213
-,-,-
-105, -3, 1221
-120, 0, 1505
-120, 0, 1505
-194, -43, 1827
-285, -104, 1931
-261, -92, 1748
-214, -11, 1454
-140, -18, 1028
-84, 18, 672
-38, 80, 363
-38, 80, 363
-,-,-
-136, 21, 1261
-154, -13, 1620
-202, -69, 1847
-221, -83, 1827
-204, -85, 1631
-185, -70, 1351
-188, 0, 1049
-188, 0, 1049
-155, 45, 730
-108, 76, 488
-55, 118, 294
-31, 190, 220
-,-,-
-144, -169, 1578
-198, -196, 1946
-177, -220, 1897
-100, -168, 1662
-56, -118, 1359
-39, -74, 1045
-39, -74, 1045
-30, 15, 745
8, 81, 458
71, 204, 262
144, 286, 80
-,-,-
-9, -65, 1044
13, -65, 1249
56, -63, 1418
56, -63, 1418
33, -105, 1681
-33, -174, 1805
-33, -117, 1646
-15, -100, 1393
-32, -143, 1143
-69, -133, 934
-,-,-
-62, -51, 1196
-80, 0, 1325
-127, 34, 1713
-179, -83, 1946
-195, -114, 1898
-181, -112, 1620
-187, -110, 1307
-224, -88, 1065
-243, -89, 765
-243, -89, 765
-213, 19, 518
-,-,-
-57, -126, 977
-103, -91, 1008
-119, -67, 1038
-126, -67, 1038
-91, -98, 1109
-52, -56, 1252
-52, -56, 1252
-26, -46, 1569
-32, -84, 1856
-72, -153, 1956
-135, -149, 1910
-151, -161, 1636
-166, -112, 1299
-189, -89, 953
-160, -35, 637
-,-,-
-43, -107, 1144
-50, -84, 1581
-120, -116, 1936
-163, -217, 1998
-147, -230, 1901
-119, -179, 1513
-113, -116, 1138
-119, -13, 866
-79, 24, 456
-79, 24, 456
-,-,-
-4, -77, 1086
-4, -77, 1086
-48, -113, 1304
-138, -77, 1806
-244, -141, 1998
-214, -255, 1998
-153, -218, 1900
-115, -171, 1361
-117, -127, 884
-143, -30, 515
-108, 106, 109
-59, 191, -164
-,-,-
-39, -37, 1049
1, -47, 1124
1, -47, 1124
9, -76, 1284
-45, -73, 1674
-137, -172, 1994
-207, -254, 1998
-214, -224, 1908
-138, -155, 1404
-91, -89, 961
-68, -39, 596
-68, -39, 596
-58, 61, 315
-27, 127, 41
-,-,-
7, -130, 977
-22, -92, 1062
-13, -61, 1079
-8, -49, 1211
-8, -49, 1211
-77, -43, 1563
-191, -117, 1963
-209, -249, 1998
-134, -240, 1865
-66, -170, 1466
-81, -120, 1156
-76, -54, 771
-71, 20, 462
-57, 49, 249
-57, 49, 249
-,-,-
17, -47, 1088
0, 4, 1328
0, 4, 1328
-30, 17, 1723
-101, -112, 1998
-153, -256, 1998
-142, -282, 1881
-130, -243, 1491
-153, -212, 1076
-168, -131, 727
-138, -40, 404
-138, -40, 404
-70, 57, 104
-,-,-
-61, -59, 1021
-30, 8, 1123
23, -26, 1180
23, -26, 1180
-14, -34, 1473
-68, -163, 1713
-122, -159, 1910
-116, -171, 1870
-83, -194, 1593
-94, -130, 1297
-99, -123, 955
-84, -86, 649
-80, -104, 405
-80, -104, 405
-,-,-
-44, -81, 1075
-43, -50, 1186
-63, -67, 1437
-151, -96, 1750
-213, -148, 1883
-184, -146, 1737
-125, -125, 1462
-70, -136, 1140
-55, -84, 865
-52, -10, 622
-52, -10, 622
-17, 60, 369
-,-,-
-71, -90, 1021
-60, -32, 1079
-13, -15, 1185
-42, 33, 1434
-161, -9, 1788
-218, -187, 1966
-262, -183, 1937
-210, -187, 1638
-163, -185, 1328
-128, -114, 1038
-90, -36, 699
-90, -36, 699
-35, 29, 331
40, 18, 16
-,-,-
-125, -101, 1591
-193, -111, 1769
-206, -121, 1930
-214, -77, 1834
-183, -59, 1549
-171, -13, 1340
-142, -4, 1105
-49, 22, 802
28, 74, 541
28, 74, 541
67, 93, 338
-,-,-
-37, -95, 1062
-47, -30, 1107
-11, -61, 1161
-1, -59, 1415
-41, -53, 1735
-23, -98, 1781
-23, -98, 1781
-27, -96, 1707
-49, -117, 1552
-55, -105, 1351
-52, -46, 1127
-34, 2, 896
-31, 42, 716
-31, 42, 716
-,-,-
48, 36, 1173
48, 36, 1173
26, 85, 1410
-169, -42, 1844
-356, -189, 1998
-322, -207, 1943
-183, -163, 1514
-114, -126, 1199
-91, -117, 849
-72, -72, 546
-20, -22, 263
-20, -22, 263
26, 63, 119
-,-,-
-217, 176, 1688
-203, 158, 1889
-166, -15, 1952
-208, -94, 1941
-205, -153, 1618
-149, -221, 1152
-99, -203, 746
-86, -140, 430
-86, -140, 430
-74, -75, 208
-56, 38, 91
-,-,-
-62, -64, 1069
-48, -34, 1213
-80, 12, 1498
-149, -62, 1812
-191, -161, 1923
-219, -136, 1768
-233, -73, 1506
-231, -57, 1211
-209, -20, 932
-149, 52, 668
-149, 52, 668
-55, 115, 415
-,-,-
-133, 34, 1350
-137, 41, 1540
-173, -18, 1826
-184, 7, 1900
-174, 35, 1738
-166, 3, 1556
-170, -37, 1332
-174, -46, 1025
-174, -46, 1025
-124, -51, 715
-89, -18, 473
-51, 2, 299
-,-,-
-117, -76, 1267
-123, -2, 1498
-203, 31, 1889
-258, -22, 1998
-199, -43, 1876
-150, -71, 1524
-152, -37, 1275
-174, -79, 1009
-155, -105, 642
-143, -51, 343
-143, -51, 343
-128, -11, 109
-,-,-
-34, -41, 1024
-40, -45, 1199
-36, 79, 1468
-41, 118, 1734
-41, 118, 1734
-13, 30, 1800
-132, -1, 1961
-283, -74, 1969
-372, -162, 1733
-386, -141, 1352
-313, -148, 851
-206, -115, 406
-106, -79, 73
-50, -5, -120
-,-,-
-68, 10, 1010
-21, 3, 1111
-21, 3, 1111
-76, -51, 1303
-149, 41, 1638
-132, -10, 1803
-111, -84, 1895
-88, -165, 1797
-101, -120, 1572
-143, -92, 1297
-199, -75, 1048
-227, -48, 795
-,-,-
1, -61, 944
-66, -125, 1031
-96, -99, 1151
-78, 43, 1288
-42, 49, 1381
-51, 9, 1549
-51, 9, 1549
-85, 33, 1714
-85, 76, 1745
-91, 79, 1607
-105, 0, 1444
-105, 0, 1444
-146, -34, 1305
-159, -35, 1100
-169, 10, 856
-125, -42, 586
-166, -95, 430
-,-,-
6, -135, 1223
25, -130, 1455
-13, -146, 1814
-51, -206, 1929
-59, -244, 1858
-51, -186, 1694
-69, -81, 1453
-94, -42, 1135
-94, -42, 1135
-95, 10, 769
-63, 80, 461
-19, 78, 232
21, 98, -2
-,-,-
-1, 5, 1291
-1, 5, 1291
101, -92, 1372
58, -70, 1638
-64, -94, 1900
-71, -174, 1830
-29, -168, 1564
-29, -168, 1564
-39, -123, 1350
-74, -145, 1158
-89, -153, 888
-56, -118, 587
-29, -73, 348
-,-,-
-61, 12, 1190
29, -30, 1233
60, -58, 1532
46, -83, 1770
-5, -105, 1910
-5, -105, 1910
26, -147, 1738
104, -137, 1465
137, -98, 1285
103, -98, 1086
22, -68, 874
-40, -60, 638
-82, -21, 412
-82, -21, 412
-91, 30, 243
-66, 39, 114
-52, 69, 78
-,-,-
53, -44, 1128
144, -106, 1186
186, -129, 1424
118, -78, 1818
155, -144, 1937
164, -204, 1901
131, -207, 1703
131, -207, 1703
68, -169, 1372
-28, -100, 1076
-98, -32, 738
-100, -16, 427
-,-,-
-47, 21, 943
-26, -175, 1250
-22, -70, 1295
122, 11, 1313
187, -5, 1463
156, -140, 1704
100, -179, 1869
73, -170, 1722
73, -170, 1722
107, -101, 1334
116, -115, 1050
-,-,-
-125, -82, 1321
-191, -41, 1899
-81, -175, 1998
73, -306, 1993
119, -264, 1826
123, -176, 1507
39, -180, 1248
39, -180, 1248
-105, -153, 1039
-202, -65, 730
-198, 6, 390
-105, 26, 50
-44, 94, -53
-,-,-
1, -89, 1088
-112, -12, 1425
-71, -91, 1657
-22, -104, 1830
27, -98, 1796
27, -98, 1796
-10, -109, 1669
-74, -168, 1530
-97, -180, 1233
-64, -151, 867
-22, -98, 565
-8, -51, 329
-7, 10, 189
-,-,-
30, -46, 1403
-39, -130, 1687
-81, -121, 1458
-12, -45, 1347
70, -68, 1316
56, 0, 1571
56, 0, 1571
-9, -51, 1855
-46, -145, 1815
-45, -109, 1641
-13, -59, 1370
24, -50, 1081
24, -50, 1081
3, -10, 845
-,-,-
-10, 5, 901
-127, -165, 1309
-112, -112, 1652
-35, -57, 1777
25, -158, 1758
-8, -149, 1897
-95, -145, 1824
-94, -124, 1502
-61, -76, 1147
-22, -76, 722
-22, -42, 722
-16, 47, 381
-28, 96, 96
-60, 51, -70
-,-,-
126, -54, 697
-31, -75, 1081
-81, -38, 1504
-66, -73, 1686
-53, -174, 1869
-76, -201, 1916
-76, -201, 1916
-81, -120, 1757
-46, -124, 1448
-74, -58, 1237
-137, -39, 1037
-168, -58, 754
-,-,-
49, 112, 741
103, 25, 717
36, -92, 1122
-49, -110, 1527
-49, -110, 1527
-61, -113, 1783
-57, -210, 1864
-28, -194, 1851
2, -154, 1648
11, -121, 1381
-5, -91, 1179
-35, -121, 924
-,-,-
-14, -39, 1141
-37, -93, 1323
-51, -115, 1574
-65, -114, 1783
-81, -164, 1871
-52, -180, 1749
-54, -178, 1564
-19, -162, 1273
4, -78, 952
13, 32, 607
13, 32, 607
-,-,-
-163, -242, 1431
66, 189, 1088
66, 189, 1088
288, 184, 988
313, -78, 1067
64, -183, 1677
-217, -396, 1995
-380, -455, 1998
-318, -409, 1785
-182, -359, 1224
-,-,-
141, -22, 782
57, -52, 1013
-57, -139, 1482
-136, -229, 1937
-176, -302, 1998
-205, -338, 1998
-273, -408, 1984
-238, -407, 1650
-134, -253, 1051
37, -48, 381
-,-,-
82, -72, 792
-33, -104, 1031
-77, -30, 1394
-54, -56, 1709
-54, -56, 1709
-19, -160, 1949
-87, -215, 1998
-114, -172, 1945
-22, -173, 1583
27, -138, 1241
-8, -76, 956
-63, -18, 638
-,-,-
1, -103, 1056
1, -103, 1056
-39, -127, 1413
-2, -118, 1720
-18, -165, 1918
-59, -247, 1897
-121, -209, 1779
-122, -232, 1498
-112, -181, 1167
-128, -62, 884
-77, 8, 530
-77, 8, 530
-,-,-
142, 2, 1324
161, -48, 1226
130, -224, 1376
-57, -133, 1826
-93, -108, 1901
-99, -132, 1723
-112, -127, 1445
-148, -78, 1082
-175, -31, 811
-153, -3, 544
-153, -3, 544
-,-,-
-30, -129, 1513
-55, -159, 1763
-122, -110, 1972
-175, -142, 1943
-143, -150, 1632
-109, -110, 1271
-62, -33, 898
-62, -33, 898
-14, 46, 479
6, 142, 198
30, 189, 0
30, 189, 0
-,-,-
37, -191, 1392
37, -191, 1392
48, -235, 1490
34, -139, 1540
40, -194, 1420
4, -96, 1367
-49, -107, 1326
-99, -142, 1195
-72, -95, 871
-72, -95, 871
-25, 31, 533
68, 111, 219
114, 186, 69
-,-,-
-96, -80, 1178
-72, -180, 1466
-84, -136, 1805
-82, -133, 1793
-82, -133, 1793
-100, -81, 1604
-104, -14, 1373
-114, 13, 1145
-92, 14, 856
-54, 35, 613
9, 65, 354
9, 65, 354
-,-,-
-176, -10, 1524
-220, 7, 1691
-206, -86, 1937
-196, -50, 1953
-153, 2, 1746
-60, -38, 1430
-50, -7, 1155
-50, -7, 1155
-31, 18, 800
7, 61, 507
61, 89, 250
61, 89, 250
75, 117, 93
52, 135, 50
56, 110, 41
-,-,-
-50, -130, 1217
-97, -57, 1433
-106, -15, 1637
-94, -144, 1744
-94, -223, 1713
-119, -130, 1501
-127, -30, 1233
-117, -3, 975
-117, -3, 975
-118, -27, 740
-130, 15, 504
-79, 123, 307
-,-,-
72, -122, 928
-47, -49, 1146
-125, -1, 1490
-111, -62, 1707
-61, -159, 1832
-22, -151, 1843
7, -126, 1660
7, -126, 1660
40, -115, 1418
8, -70, 1168
-76, -61, 954
-120, -62, 747
-115, -85, 476
-115, -85, 476
-,-,-
16, -67, 1174
16, -67, 1174
-24, -171, 1371
-47, -91, 1577
-39, -175, 1680
-54, -290, 1647
-119, -227, 1538
-131, -132, 1316
-98, -56, 1045
-61, 5, 766
-61, 5, 766
-41, 60, 517
-31, 141, 400
-,-,-
-41, -172, 1498
-99, -83, 1699
-134, -171, 1664
-160, -214, 1537
-147, -131, 1256
-124, -9, 958
-93, 38, 721
-93, 38, 721
-83, 67, 539
-72, 51, 412
-24, 68, 352
-24, 68, 352
-,-,-
-132, 78, 1487
-130, 102, 1452
-108, -90, 1410
-101, -111, 1376
-113, 6, 1313
-92, -30, 1107
-67, 5, 927
-67, 5, 927
-66, 8, 814
-44, 22, 665
33, 90, 442
33, 90, 442
-,-,-
-4, 159, 1464
-71, 154, 1767
-100, 82, 1990
-97, 75, 1997
14, -4, 1699
14, -4, 1699
21, 23, 1327
-15, 14, 929
-59, 11, 642
-63, 19, 287
-63, 19, 287
-58, 146, -151
-53, 181, -272
-42, 126, -185
-,-,-
-117, -76, 1462
-104, -32, 1638
-99, -68, 1857
-79, -1, 1948
-15, -85, 1772
4, -56, 1538
-19, -2, 1269
-19, -2, 956
-43, -26, 956
-77, -8, 654
-120, 0, 398
-82, -20, 120
-82, -20, 120
-66, 53, 7
33, 59, -136
109, 75, -126
-,-,-
-40, -55, 1473
-76, -109, 1629
-87, -57, 1691
-87, -57, 1691
-78, -81, 1637
-80, -101, 1439
-67, -73, 1180
-58, -23, 867
-49, -5, 621
-30, 40, 448
-30, 40, 448
-1, 112, 245
32, 141, 74
113, 75, -15
113, 75, -15
158, 27, 1
-,-,-
-173, -187, 1695
-128, -154, 1601
-102, -164, 1453
-96, -77, 1312
-69, 31, 1058
-45, 45, 768
-50, 121, 627
-50, 121, 627
-35, 185, 513
5, 189, 328
47, 139, 320
63, 158, 365
-,-,-
-114, -152, 1452
-75, -10, 1382
-75, -10, 1382
-94, 70, 1172
-117, 88, 970
-118, 11, 879
-132, 26, 858
-102, 83, 683
-102, 83, 683
-25, 115, 376
32, 211, 267
-,-,-
-98, -12, 1302
-95, -47, 1311
-74, 29, 1466
-53, 59, 1489
-60, -41, 1302
-55, -29, 1260
-55, -29, 1260
-57, 0, 1102
-29, -39, 853
-46, 8, 805
-50, 60, 666
-50, 60, 666
-47, 147, 441
-,-,-
-75, -23, 1432
-47, -66, 1442
-44, -56, 1520
-51, -43, 1542
-102, -30, 1547
-104, -34, 1425
-117, -32, 1233
-95, -35, 936
-73, 2, 722
-73, 2, 722
-61, 15, 538
-43, 96, 312
9, 125, 111
9, 125, 111
73, 95, 31
94, 103, 159
94, 103, 159
147, 117, 195
-,-,-
-24, 16, 1646
-24, 3, 1495
-59, 71, 1544
-73, 34, 1329
-73, 34, 1329
-74, 14, 1094
-89, 10, 937
-113, 4, 741
-115, 4, 508
-115, 4, 508
-70, -8, 311
-28, 36, 275
27, 47, 229
27, 47, 229
61, 61, 210
102, 55, 237
149, 47, 259
149, 47, 259
-,-,-
-26, 75, 1263
-20, 6, 1167
-78, 18, 1306
-171, 78, 1489
-164, -29, 1471
-164, -29, 1471
-118, -24, 1441
-88, 18, 1337
-99, 36, 1174
-97, 58, 1025
-126, 69, 902
-142, 43, 779
-142, 43, 779
-99, 65, 631
-,-,-
-136, 2, 1493
-129, 25, 1554
-129, 25, 1554
-118, 4, 1536
-95, 5, 1421
-98, -19, 1257
-111, 8, 1162
-116, 32, 982
-116, 32, 982
-80, 43, 739
-48, 87, 565
-17, 86, 446
7, 93, 422
7, 93, 422
45, 96, 388
67, 109, 363
67, 109, 363
-,-,-
-97, -21, 1383
-99, -20, 1339
-120, 0, 1385
-179, 23, 1512
-236, -46, 1595
-206, -98, 1437
-173, -56, 1245
-143, 17, 1067
-84, 58, 832
-84, 58, 832
-46, 94, 578
5, -6, 363
26, 74, 370
26, 74, 370
15, 105, 327
-,-,-
-133, -77, 1479
-136, 1, 1505
-119, 31, 1566
-139, 51, 1525
-177, 5, 1455
-177, 5, 1455
-199, -24, 1301
-184, -3, 1158
-133, -1, 959
-95, 35, 771
-53, 87, 614
-53, 87, 614
-6, 136, 467
-,-,-
-153, -46, 1451
-173, -10, 1512
-143, 4, 1414
-143, 4, 1414
-169, 5, 1410
-155, -12, 1469
-178, -53, 1472
-170, -78, 1302
-127, -53, 1095
-77, 10, 909
-77, 10, 691
-18, 75, 691
28, 103, 508
59, 104, 352
51, 116, 258
-,-,-
-154, -48, 1568
-59, -12, 1598
1, -22, 1540
-1, 38, 1527
-49, 38, 1600
-134, -56, 1684
-177, -56, 1648
-177, -73, 1648
-163, -73, 1441
-131, -34, 1195
-105, 19, 960
-113, 45, 768
-103, 68, 565
-71, 78, 344
-71, 78, 344
-,-,-
-75, 26, 1361
-75, 26, 1361
-103, 20, 1477
-133, -19, 1515
-140, -68, 1458
-141, -124, 1339
-169, -142, 1202
-195, -82, 1026
-145, -45, 787
-95, -2, 627
-54, 46, 494
-54, 46, 494
5, 45, 342
51, 76, 281
67, 103, 252
-,-,-
-202, 5, 1760
-202, 5, 1760
-193, -44, 1836
-182, -58, 1795
-165, -66, 1645
-156, -63, 1398
-158, -21, 1127
-153, -2, 864
-137, 20, 625
-137, 20, 625
-111, 30, 448
-88, 79, 369
-38, 96, 297
9, 82, 235
-,-,-
-106, 100, 1587
-118, -45, 1471
-165, -46, 1438
-165, -46, 1438
-182, -24, 1370
-199, 8, 1338
-203, -32, 1229
-190, -44, 1069
-129, -27, 857
-42, 34, 592
25, 105, 376
25, 105, 376
52, 109, 291
62, 130, 267
-,-,-
-360, -155, 1514
-339, -100, 1613
-295, -88, 1560
-229, -84, 1453
-132, -81, 1220
-99, -49, 1011
-82, -5, 871
-82, -5, 871
-59, 44, 731
-18, 97, 577
5, 136, 434
-,-,-
-163, -128, 1530
-205, -149, 1592
-224, -98, 1665
-206, -77, 1547
-169, -29, 1401
-116, -60, 1187
-84, -27, 989
-45, 26, 787
-45, 26, 787
18, 89, 547
67, 108, 369
65, 98, 294
65, 98, 294
-,-,-
-50, -107, 1117
-139, 2, 1296
-171, -7, 1438
-213, -117, 1567
-208, -193, 1636
-173, -127, 1493
-109, -87, 1216
-47, -38, 968
-47, -38, 968
-35, 49, 765
-3, 98, 526
15, 149, 366
43, 161, 230
43, 161, 230
73, 187, 202
-,-,-
-97, -42, 1369
-76, -86, 1392
-110, -95, 1338
-143, -32, 1395
-192, -70, 1456
-192, -70, 1456
-217, -125, 1459
-208, -113, 1280
-162, -40, 1053
-80, -10, 816
-10, 14, 598
24, 65, 480
-,-,-
-35, -9, 1131
-109, -29, 1317
-173, -61, 1463
-231, -146, 1514
-254, -145, 1560
-248, -138, 1414
-227, -88, 1240
-181, -77, 1042
-181, -77, 1042
-103, -24, 820
-28, 43, 596
59, 102, 389
-,-,-
-142, 17, 1464
-142, 17, 1464
-192, -54, 1595
-261, -107, 1675
-299, -57, 1593
-249, -27, 1433
-173, -21, 1223
-132, 25, 980
-81, 21, 750
-41, 51, 584
-41, 51, 584
0, 60, 405
-,-,-
-183, -151, 1624
-139, -4, 1575
-80, -108, 1481
-96, -111, 1461
-135, -63, 1450
-140, -71, 1328
-129, -62, 1222
-122, -79, 1078
-111, -31, 882
-111, -31, 882
-73, 23, 722
-31, 79, 571
-10, 136, 465
2, 138, 395
-,-,-
-197, -161, 1477
-178, -65, 1534
-152, -92, 1496
-172, -94, 1562
-173, -78, 1510
-178, -103, 1359
-198, -92, 1235
-199, -51, 1089
-147, -41, 859
-147, -41, 859
-71, -2, 684
-29, 62, 558
17, 118, 416
30, 197, 329
-,-,-
-183, -62, 1608
-140, -8, 1598
-140, -8, 1598
-133, 22, 1552
-124, -35, 1470
-166, -101, 1410
-198, -115, 1352
-187, -83, 1208
-142, -35, 973
-99, 45, 746
-54, 116, 579
-,-,-
-43, -20, 1267
-71, -65, 1300
-71, -65, 1300
-149, -39, 1477
-165, -125, 1405
-164, -92, 1354
-179, -52, 1279
-193, -38, 1134
-182, 0, 966
-139, -15, 754
-127, 10, 624
-100, 53, 494
-100, 53, 494
-51, 112, 372
-,-,-
-274, -100, 1686
-274, -100, 1686
-139, 8, 1582
-83, -82, 1438
-106, -62, 1454
-177, -54, 1478
-238, -43, 1380
-237, -73, 1218
-206, -33, 1029
-130, 62, 755
-,-,-
-140, -109, 1559
-99, -57, 1378
-124, -124, 1413
-195, -138, 1521
-226, -109, 1465
-221, -64, 1350
-249, -81, 1264
-249, -113, 1148
-228, -80, 966
-103, 7, 712
-37, 116, 504
-37, 116, 504
-,-,-
-84, -128, 1681
-40, -36, 1482
-83, -54, 1503
-162, -90, 1572
-217, -107, 1528
-183, -34, 1394
-138, -23, 1173
-109, 24, 1012
-105, 60, 844
-105, 60, 844
-76, 70, 661
-52, 77, 502
-,-,-
-153, -26, 1541
-164, -127, 1557
-162, -159, 1472
-105, -21, 1326
-105, -21, 1326
-156, 34, 1248
-163, -3, 1150
-167, -36, 1031
-134, 15, 848
-46, 75, 625
6, 133, 421
-,-,-
-315, -135, 1801
-329, -119, 1909
-321, -74, 1917
-278, -64, 1763
-209, -36, 1585
-209, -36, 1585
-185, -67, 1392
-162, -84, 1117
-156, -40, 885
-139, 11, 689
-95, 34, 438
-104, 87, 271
-,-,-
-158, -142, 1896
-147, -168, 1998
-122, -139, 1964
-53, -162, 1674
-53, -162, 1479
-42, -84, 1479
-49, -89, 1290
-85, -42, 1152
-75, -48, 791
-57, 1, 556
-79, 44, 475
-79, 44, 475
-,-,-
70, -135, 1693
122, -133, 1521
112, -104, 1603
86, -104, 1385
84, -80, 1106
40, -32, 963
0, -74, 822
0, -74, 822
-59, -17, 686
-39, 6, 429
7, -23, 283
7, -23, 283
3, -19, 258
-25, 26, 172
-47, 46, 64
-,-,-
108, 71, 1552
63, 10, 1490
-6, -93, 1573
-14, -20, 1526
-8, -33, 1395
7, -130, 1282
7, -130, 1282
9, -93, 1181
-20, -43, 1034
-52, -1, 851
-17, 10, 611
-17, 10, 611
-18, 2, 452
-,-,-
27, -296, 1988
7, -126, 1717
61, -147, 1727
-2, -151, 1783
-67, -148, 1698
-69, -116, 1438
-69, -116, 1438
-52, -57, 1184
-88, -23, 1014
-87, -4, 821
-85, 67, 627
-50, 95, 498
-50, 95, 498
-2, 47, 365
9, 105, 364
67, 80, 237
67, 80, 237
-,-,-
-1, -121, 1550
-80, -124, 1804
-59, -209, 1892
-36, -143, 1907
-23, -187, 1816
-41, -191, 1618
-66, -82, 1429
-58, -17, 1089
-58, -17, 1089
-51, 23, 787
-32, 3, 624
-52, 41, 565
-50, 76, 424
-,-,-
-43, -105, 1461
45, -97, 1241
49, -140, 1305
-34, -150, 1549
-32, -160, 1500
-43, -122, 1417
-70, -105, 1385
-88, -103, 1243
-110, -3, 1071
-110, -3, 1071
-75, 2, 794
-28, 26, 632
28, 75, 554
56, 117, 475
56, 117, 475
66, 118, 342
-,-,-
-55, -192, 1550
6, -192, 1492
6, -192, 1492
23, -109, 1560
23, -102, 1699
-13, -202, 1804
-53, -313, 1804
-92, -265, 1760
-37, -202, 1474
-1, -103, 1225
-13, -88, 1006
-13, -88, 1006
-73, 10, 832
-99, 71, 601
-62, 136, 408
5, 200, 254
5, 200, 254
68, 202, 212
104, 198, 269
115, 138, 255
-,-,-
-72, -235, 1673
28, 11, 1406
43, -98, 1406
43, -98, 1406
20, -99, 1413
-5, -88, 1449
-47, -106, 1574
-68, -184, 1606
-61, -164, 1452
-49, -52, 1195
-14, -13, 968
-14, -13, 968
33, -17, 766
20, 44, 684
25, 79, 533
25, 79, 533
64, 163, 400
117, 174, 317
134, 156, 293
-,-,-
-58, -180, 1162
-163, -171, 1657
-33, -394, 1974
61, -150, 1414
124, -35, 1257
84, -58, 1403
84, -58, 1403
10, -160, 1502
-44, -191, 1582
-58, -174, 1551
-32, -152, 1412
-30, -91, 1252
-30, -84, 1116
-34, -38, 1001
-34, -38, 1001
5, 11, 814
34, 84, 673
70, 64, 425
70, 64, 425
75, 106, 377
68, 104, 344
56, 133, 322
56, 133, 322
-,-,-
-57, -157, 1429
-66, -205, 1653
-66, -205, 1653
-109, -247, 1825
-63, -187, 1775
-46, -178, 1754
-68, -134, 1735
-62, -169, 1570
-74, -125, 1417
-71, -102, 1270
-76, -68, 1124
-,-,-
85, 93, 943
85, 93, 943
38, 5, 855
-10, -74, 940
-67, -64, 1178
-80, -124, 1344
-80, -124, 1344
-110, -169, 1607
-111, -176, 1725
-35, -123, 1580
18, -109, 1458
12, -141, 1339
-35, -116, 1224
-59, -63, 1084
-19, -53, 855
11, 2, 686
11, 2, 686
53, 60, 543
66, 111, 440
-,-,-
-101, -118, 1513
-86, -92, 1489
-32, -3, 1291
-32, -3, 1291
-21, -29, 1355
1, -45, 1352
-29, -134, 1483
-108, -125, 1706
-143, -193, 1668
-109, -217, 1477
-58, -142, 1233
-47, -67, 1068
-44, -45, 972
-44, -45, 972
-41, -13, 803
-5, 85, 613
54, 148, 413
109, 180, 309
109, 180, 309
-,-,-
-41, -82, 1518
-65, -170, 1506
-72, -156, 1711
-52, -138, 1712
7, -195, 1641
22, -108, 1567
-1, -68, 1461
-26, -102, 1355
-26, -102, 1355
-39, -92, 1253
-38, -18, 1112
-46, 27, 1043
-39, -9, 940
-6, -69, 811
-7, 27, 741
-7, 27, 741
-,-,-
100, 182, 1188
105, 29, 1026
106, -93, 1011
47, -57, 1212
-17, -69, 1380
-17, -69, 1380
-64, -178, 1476
-88, -222, 1572
-90, -196, 1499
-55, -148, 1273
-22, -95, 1112
23, -44, 951
33, 7, 817
33, 7, 817
68, 31, 703
116, 56, 589
162, 91, 537
162, 91, 537
185, 121, 512
183, 143, 475
187, 179, 426
159, 218, 397
159, 218, 397
-,-,-
40, -68, 1456
68, -52, 1484
68, -52, 1484
64, -45, 1463
13, -59, 1545
-23, -132, 1543
-43, -132, 1478
-68, -99, 1395
-54, -119, 1222
-42, -72, 1002
-38, -9, 802
-38, -9, 802
-38, 23, 657
-20, 49, 496
11, 61, 365
11, 61, 365
53, 79, 274
-,-,-
-6, 18, 1161
-6, 18, 1161
-97, -73, 1345
-136, -96, 1553
-107, -195, 1616
-15, -203, 1420
18, -133, 1298
-5, -138, 1231
-51, -110, 1121
-51, -110, 1121
-61, -81, 931
-53, 7, 763
-17, 57, 611
9, 76, 554
9, 76, 554
47, 113, 528
84, 122, 466
102, 125, 436
102, 125, 436
-,-,-
-66, -203, 1662
-51, -239, 1771
1, -197, 1745
7, -163, 1715
7, -163, 1715
8, -239, 1649
-32, -240, 1596
-73, -196, 1474
-97, -171, 1243
-72, -110, 967
-64, -19, 760
-53, 26, 617
-53, 26, 617
-35, 102, 500
7, 169, 377
85, 194, 244
-,-,-
-37, -360, 1755
-6, -85, 1571
21, -120, 1523
5, -128, 1524
-24, -153, 1525
-24, -153, 1525
-82, -184, 1478
-111, -166, 1378
-92, -160, 1193
-63, -113, 984
-29, -22, 760
-5, 12, 602
-9, 57, 532
-9, 57, 532
6, 76, 432
-,-,-
61, 132, 1248
61, 132, 1248
71, 66, 1231
42, -25, 1242
-12, -20, 1331
-85, -36, 1408
-148, -113, 1498
-213, -185, 1486
-230, -190, 1393
-230, -190, 1393
-200, -157, 1226
-119, -81, 1012
-59, -26, 760
-47, 13, 616
-19, 35, 524
33, 99, 392
33, 99, 392
77, 180, 275
111, 212, 180
126, 227, 153
-,-,-
-74, -68, 1283
-70, -27, 1238
-76, -126, 1186
-46, -134, 1266
-44, -68, 1447
-17, -119, 1505
-71, -145, 1618
-142, -178, 1610
-160, -171, 1437
-133, -131, 1195
-98, -78, 924
-98, -78, 924
-90, -22, 729
-85, 35, 596
-51, 67, 419
-16, 116, 245
-,-,-
-34, -20, 1174
-33, 26, 1121
-28, -27, 1204
-51, -37, 1303
-75, -49, 1456
-80, -101, 1532
-112, -135, 1482
-118, -108, 1351
-77, -80, 1135
-77, -80, 1135
-66, -34, 948
-80, -9, 801
-,-,-
-72, -265, 1572
-29, -79, 1414
-29, -79, 1414
27, -79, 1355
18, -94, 1381
-55, -132, 1506
-137, -159, 1592
-173, -146, 1483
-186, -141, 1270
-180, -81, 1071
-139, -63, 859
-81, -2, 701
-81, -2, 701
-,-,-
-92, -117, 1403
-64, -134, 1321
-28, -100, 1387
12, -86, 1458
8, -122, 1530
-27, -161, 1521
-87, -173, 1566
-131, -168, 1558
-153, -128, 1377
-151, -80, 1130
-159, -44, 945
-159, -44, 945
-,-,-
0, -63, 1316
0, -63, 1316
29, -34, 1256
12, -70, 1328
-34, -163, 1376
-105, -187, 1502
-176, -189, 1584
-189, -159, 1490
-176, -142, 1252
-128, -103, 1015
-108, 5, 793
-108, 5, 793
-49, 82, 602
-6, 122, 474
-,-,-
-97, -158, 1310
-175, -198, 1573
-178, -244, 1691
-174, -221, 1693
-116, -218, 1506
-68, -107, 1225
-2, -36, 932
-2, -36, 932
29, 28, 738
42, 67, 535
48, 115, 351
48, 115, 351
60, 163, 221
-,-,-
-72, -94, 1396
-72, -94, 1396
-52, -103, 1487
-39, -79, 1493
-35, -121, 1424
-38, -104, 1345
-73, -76, 1313
-47, -71, 1109
15, -42, 839
27, -10, 703
27, -10, 703
24, 29, 588
21, 92, 493
21, 92, 493
-,-,-
-214, -162, 1534
-136, -76, 1416
-127, -81, 1350
-174, -50, 1453
-209, -77, 1547
-208, -78, 1498
-192, -44, 1359
-175, -36, 1191
-158, -58, 1013
-192, -9, 967
-176, -15, 851
-120, 26, 672
-120, 26, 672
-,-,-
-1, -106, 1364
-6, -132, 1286
-72, -100, 1324
-132, -105, 1433
-195, -183, 1526
-187, -242, 1489
-156, -172, 1354
-127, -132, 1098
-105, -75, 882
-88, 16, 731
-88, 16, 572
-56, 88, 572
2, 105, 377
66, 102, 271
82, 147, 278
-,-,-
-143, -86, 1383
-71, -29, 1297
-54, -58, 1295
-100, -7, 1408
-133, -46, 1432
-141, -122, 1398
-166, -126, 1347
-175, -72, 1227
-175, -72, 1227
-157, -26, 1064
-142, -11, 871
-118, 49, 746
-61, 89, 602
-1, 124, 480
-,-,-
-93, -142, 1470
-110, -163, 1472
-141, -163, 1563
-142, -139, 1585
-140, -164, 1503
-179, -146, 1423
-190, -107, 1231
-175, -27, 1019
-151, 64, 821
-100, 122, 604
-35, 161, 400
-22, 189, 307
-,-,-
-88, -94, 1289
-88, -94, 1289
-127, 1, 1478
-194, -69, 1712
-356, -45, 1998
-318, -172, 1976
-152, -179, 1648
-48, -71, 1210
-9, 0, 825
-9, 0, 825
-51, 113, 491
-44, 96, 143
-28, 76, -29
-26, 76, -35
-,-,-
-88, 14, 1322
-87, -6, 1366
-152, -81, 1600
-229, -146, 1815
-174, -185, 1661
-94, -100, 1340
-52, -57, 1078
-34, -6, 877
-34, -6, 877
-19, 0, 648
10, 44, 419
22, 151, 264
22, 151, 264
46, 166, 147
66, 99, 104
90, 88, 134
-,-,-
3, -166, 1429
-15, -161, 1427
-46, -85, 1263
-67, -45, 1136
-67, -45, 1136
-85, -33, 1004
-78, 6, 874
-55, 60, 696
-23, 127, 519
-23, 127, 519
26, 51, 391
24, 85, 405
51, 106, 352
51, 106, 352
86, 117, 324
110, 83, 281
111, 74, 348
96, 44, 471
96, 44, 471
-,-,-
-74, -93, 1403
-69, -68, 1303
-66, -75, 1218
-80, -46, 1106
-50, -24, 866
-41, 49, 714
-41, 49, 714
-26, 86, 598
-20, 104, 529
31, 60, 438
31, 60, 438
78, 30, 336
84, 69, 329
-,-,-
-45, -46, 1236
-2, -31, 1231
-21, -92, 1290
-78, -75, 1418
-135, -130, 1511
-135, -130, 1511
-172, -173, 1519
-165, -138, 1400
-135, -91, 1188
-98, -82, 984
-47, -47, 783
-28, -17, 570
-,-,-
-167, -73, 1363
-154, -130, 1427
-169, -190, 1463
-216, -147, 1594
-253, -147, 1602
-253, -164, 1602
-260, -164, 1483
-227, -135, 1279
-152, -110, 1043
-96, -32, 826
-,-,-
-77, -87, 1126
-58, -108, 1170
-58, -108, 1170
-86, -38, 1325
-113, -84, 1427
-163, -190, 1428
-231, -148, 1530
-225, -136, 1426
-173, -118, 1216
-110, -79, 999
-58, -12, 813
-21, 21, 657
-14, 84, 565
-,-,-
-81, -34, 1408
-68, 59, 1324
-95, -17, 1397
-187, -50, 1510
-275, -40, 1556
-317, -17, 1517
-285, -34, 1377
-285, -34, 1377
-233, -50, 1163
-169, -41, 933
-84, -33, 685
-31, 22, 528
-9, 38, 437
-,-,-
-61, -22, 1497
0, -64, 1408
0, -64, 1408
33, -152, 1285
2, -87, 1371
-14, -70, 1428
-29, -74, 1405
-61, -100, 1409
-61, -100, 1409
-118, -142, 1397
-155, -170, 1307
-171, -142, 1171
-162, -76, 972
-,-,-
-180, -74, 1644
-204, -40, 1708
-239, -181, 1833
-285, -221, 1842
-247, -189, 1674
-191, -143, 1433
-173, -115, 1247
-177, -56, 1100
-165, 10, 898
-144, 47, 756
-133, 70, 664
-,-,-
-125, -322, 1996
5, -142, 1505
19, -47, 1350
-41, -92, 1405
-114, -127, 1405
-176, -125, 1408
-190, -101, 1349
-149, -94, 1192
-78, -123, 963
-25, -73, 807
-25, -73, 807
-8, 10, 709
-,-,-
-2, -201, 1376
14, -101, 1410
63, -158, 1306
63, -158, 1306
39, -122, 1415
-14, -132, 1446
-72, -154, 1467
-107, -145, 1377
-87, -105, 1142
-37, -67, 922
-20, -45, 698
-,-,-
13, -56, 964
13, -66, 1198
13, -66, 1198
13, -61, 1313
-13, -74, 1435
-51, -191, 1424
-136, -238, 1517
-176, -254, 1473
-138, -238, 1298
-79, -148, 1063
-54, -55, 824
-50, 21, 713
-50, 21, 713
-,-,-
81, -149, 1616
81, -149, 1616
126, -37, 1378
133, -70, 1304
49, -111, 1375
-78, -151, 1505
-175, -222, 1603
-193, -261, 1519
-148, -191, 1266
-77, -73, 970
-11, 2, 769
-11, 2, 769
1, 92, 632
-2, 154, 486
-,-,-
-73, -206, 1664
5, -273, 1704
34, -191, 1637
34, -191, 1637
64, -190, 1526
38, -244, 1434
35, -183, 1491
-69, -186, 1403
-95, -165, 1216
-84, -125, 1022
-,-,-
-6, -217, 1614
9, -240, 1516
25, -222, 1575
25, -194, 1607
13, -237, 1482
-26, -199, 1462
-77, -190, 1451
-95, -163, 1303
-95, -163, 1303
-61, -116, 1026
-2, -78, 777
34, 9, 561
27, 76, 463
-,-,-
-34, -44, 1556
-16, -165, 1417
-83, -227, 1520
-106, -160, 1526
-81, -186, 1301
-63, -180, 1168
-94, -164, 1049
-90, -109, 930
-43, -80, 688
14, 14, 539
-,-,-
-68, -151, 1578
-107, -248, 1650
-92, -257, 1613
-55, -90, 1572
-55, -90, 1572
-69, -79, 1506
-156, -159, 1476
-269, -171, 1508
-241, -140, 1266
-110, -54, 884
-5, 27, 607
-,-,-
-90, -289, 1795
-62, -503, 1952
95, -62, 1499
143, 13, 1343
110, -62, 1287
25, -61, 1376
-76, -119, 1474
-76, -119, 1474
-143, -191, 1477
-124, -223, 1316
-76, -171, 1089
-26, -112, 854
-,-,-
-135, -108, 1560
-173, -116, 1637
-185, -161, 1638
-152, -209, 1518
-134, -165, 1366
-122, -114, 1219
-119, -105, 1114
-121, -48, 1010
-112, 5, 850
-,-,-
32, -252, 1886
42, -159, 1576
33, -106, 1566
-12, -151, 1510
-68, -214, 1406
-124, -170, 1420
-157, -195, 1369
-153, -188, 1254
-111, -113, 1023
-61, -60, 758
-,-,-
-53, -174, 1461
-59, -225, 1463
-32, -221, 1476
-11, -241, 1480
17, -229, 1485
25, -252, 1420
13, -240, 1396
-7, -211, 1276
-7, -211, 1276
4, -153, 1088
23, -79, 897
25, -7, 735
-,-,-
-8, -144, 1457
-29, -148, 1527
-73, -265, 1670
-118, -236, 1729
-100, -226, 1624
-77, -193, 1489
-89, -191, 1380
-86, -147, 1241
-48, -134, 991
1, -113, 730
1, -113, 730
-,-,-
-19, -286, 1656
-12, -262, 1809
-7, -199, 1704
-40, -258, 1613
-106, -256, 1523
-106, -256, 1523
-149, -160, 1458
-140, -117, 1246
-91, -114, 1005
-32, -40, 797
4, 53, 594
36, 124, 430
-,-,-
28, -222, 1728
28, -222, 1728
7, -194, 1699
18, -185, 1643
-14, -204, 1559
-62, -183, 1465
-119, -152, 1321
-149, -128, 1169
-125, -103, 1018
-83, -81, 816
-69, -9, 634
-,-,-
127, -98, 1290
64, -94, 1408
16, -87, 1521
16, -87, 1521
-39, -61, 1587
-72, -112, 1490
-124, -143, 1462
-175, -100, 1390
-152, -80, 1137
-99, -22, 840
-54, 67, 561
-14, 101, 345
-,-,-
108, -63, 1351
31, -87, 1440
-44, -173, 1496
-44, -173, 1496
-47, -193, 1455
-59, -165, 1490
-82, -173, 1465
-98, -213, 1324
-105, -143, 1174
-47, -114, 920
0, -14, 687
38, 84, 455
-,-,-
30, -164, 1392
-12, -189, 1524
-11, -111, 1609
-3, -123, 1580
-41, -124, 1598
-70, -163, 1580
-70, -163, 1580
-108, -166, 1439
-128, -89, 1296
-92, -41, 1058
-54, 26, 836
-35, 85, 622
-,-,-
25, -165, 1822
25, -166, 1510
26, -100, 1649
-18, -94, 1611
-14, -133, 1472
-66, -121, 1421
-108, -104, 1318
-141, -91, 1195
-121, -98, 1016
-73, -35, 792
-73, -35, 792
-28, 27, 574
23, 95, 401
-,-,-
-105, -55, 1547
-18, 0, 1552
-18, 0, 1552
-49, -98, 1515
-105, -108, 1503
-110, -163, 1337
-103, -94, 1219
-100, -55, 1078
-97, 18, 923
-51, 64, 691
-51, 64, 691
-16, 91, 512
-,-,-
15, -63, 1220
-14, -35, 1359
-45, -68, 1529
-73, -78, 1657
-73, -78, 1614
-59, -95, 1614
6, -1, 1532
17, 18, 1352
-6, 0, 1281
-6, 0, 1281
-22, -14, 1103
-9, 24, 856
-17, 83, 667
-21, 154, 530
-,-,-
115, 9, 1414
96, -69, 1403
96, -69, 1403
50, -145, 1436
-8, -110, 1495
-40, -142, 1323
-79, -145, 1199
-116, -137, 1090
-100, -123, 929
-52, -62, 772
-10, -19, 551
35, 82, 399
35, 82, 399
-,-,-
-3, -55, 1481
36, -80, 1457
17, -104, 1460
-34, -108, 1539
-36, -120, 1489
-36, -120, 1489
-32, -151, 1303
-47, -109, 1241
-60, -90, 1090
-45, -46, 919
-26, -13, 723
-,-,-
67, -45, 1573
48, -75, 1539
38, -146, 1607
25, -144, 1544
45, -104, 1477
45, -104, 1477
37, -103, 1361
14, -98, 1246
-26, -70, 1110
-37, 0, 922
-60, 46, 757
-60, 46, 757
-,-,-
-1, -199, 1739
7, -203, 1500
32, -99, 1489
57, -80, 1423
28, -89, 1372
28, -89, 1372
-33, -82, 1300
-92, -41, 1225
-99, -19, 1025
-58, 18, 851
-18, 29, 707
-18, 29, 707
13, 89, 609
-,-,-
-40, -127, 1520
-39, -147, 1564
-1, -128, 1477
15, -52, 1384
15, -52, 1384
-18, -46, 1352
-75, -73, 1351
-115, -85, 1224
-103, -101, 1035
-84, -21, 876
-75, 32, 702
-75, 32, 702
-,-,-
-58, -85, 1549
-47, -131, 1487
-50, -122, 1489
-42, -121, 1385
-36, -95, 1389
-39, -116, 1327
-47, -89, 1229
-57, -57, 1062
-43, -15, 906
-43, -15, 906
-32, 25, 744
-30, 48, 613
-,-,-
-29, -33, 1258
-32, -92, 1326
-32, -92, 1326
-31, -61, 1461
-14, -63, 1425
-2, -64, 1308
-39, -62, 1300
-92, -80, 1257
-126, -51, 1153
-92, -45, 934
-92, -45, 934
-43, -2, 741
6, 67, 608
57, 104, 463
57, 104, 463
-,-,-
-69, -3, 1040
-69, -3, 1040
-76, -13, 1185
-186, -7, 1537
-235, -113, 1803
-287, -184, 1832
-303, -142, 1733
-252, -132, 1445
-205, -86, 1147
-190, -12, 845
-,-,-
-63, -98, 1245
-53, 27, 1386
-56, -83, 1416
-56, -83, 1416
-139, -106, 1661
-170, -101, 1762
-135, -138, 1592
-67, -163, 1298
-12, -155, 1039
-8, -76, 804
-18, -52, 539
-17, 2, 361
